n_points:  58
{
   703.807 72.7009 
   728.556 75.7946 
   765.68 89.716 
   801.257 108.278 
   833.74 131.48 
   861.583 170.151 
   880.145 208.822 
   894.066 253.68 
   901.801 300.085 
   904.894 341.849 
   907.988 392.894 
   909.535 440.846 
   912.628 512 
   912.628 558.405 
   917.269 626.465 
   915.722 686.792 
   921.909 754.852 
   925.003 813.631 
   925.003 875.505 
   920.363 925.003 
   914.175 960.58 
   903.347 989.97 
   892.52 972.955 
   877.051 948.205 
   853.849 920.363 
   818.272 900.254 
   788.882 881.692 
   756.399 866.224 
   728.556 860.036 
   703.807 853.849 
   677.511 846.115 
   657.402 841.474 
   683.698 829.1 
   699.166 807.444 
   708.447 778.054 
   708.447 740.931 
   703.807 708.447 
   694.526 675.964 
   679.057 645.027 
   663.589 612.544 
   648.121 575.42 
   646.737 523.977 
   646.737 485.053 
   645.24 447.626 
   646.737 410.199 
   646.737 374.269 
   642.246 344.327 
   643.743 315.883 
   643.743 293.427 
   634.199 272.242 
   623.372 244.399 
   607.903 232.024 
   587.795 227.384 
   589.341 177.885 
   592.435 129.934 
   612.544 89.716 
   641.934 72.7009 
   669.776 68.0604 
}
