n_points:  50
{
   664 14 
   697.381 22.381 
   730.762 40 
   764.143 66.1429 
   795.524 97.5238 
   822 130.905 
   846 164.286 
   862 197.667 
   867 231.048 
   872.429 264.429 
   879 297.81 
   886 331.19 
   893 364.571 
   894 397.952 
   895 431.333 
   896.714 464.714 
   900.095 498.095 
   905.476 531.476 
   911 564.857 
   916 598.238 
   923 631.619 
   927 665 
   914.333 663.333 
   901.667 662 
   889 659 
   876.333 657 
   863.667 655.667 
   851 654 
   851 621.923 
   841 589.846 
   832.769 557.769 
   814.692 525.692 
   787.615 493.615 
   756.538 462.538 
   724.462 438.462 
   692.385 418.385 
   660.308 396.308 
   650 364.231 
   642 332.154 
   635 300.077 
   616 268 
   619 232.25 
   617.5 196.5 
   595.75 161 
   560 153 
   563 120.5 
   567 88 
   576 55.5 
   599 28 
   631.5 13.5 
}
