n_points: 66 {
627.275 44.4152
654.222 47.4094
681.17 60.883
699.135 75.8538
723.088 96.8129
741.053 116.275
762.012 140.228
770.995 156.696
779.977 173.164
788.21 189.631
796.444 206.099
802.433 225.561
808.421 245.023
812.913 267.479
817.404 289.936
820.398 310.895
823.392 331.854
825.638 353.562
827.883 375.269
829.38 403.714
830.877 432.158
833.122 462.1
835.368 492.041
838.362 515.245
841.357 538.45
848.093 558.66
854.83 578.871
858.573 599.83
862.316 620.789
868.304 652.228
872.046 672.438
875.789 692.649
850.339 676.181
836.117 666.45
821.895 656.719
803.93 646.988
785.965 637.257
772.483 615.129
759 593
746.5 573.5
734 554
718 526
709 508
700 490
683 464
663 441
651.125 427.596
639.251 414.193
632.514 395.48
625.778 376.766
619.041 354.31
612.304 331.854
605.567 316.135
598.83 300.415
597.333 274.965
588.351 258.497
595.836 240.532
597.333 222.567
585.357 203.105
565.895 188.135
550.924 165.678
543.439 141.725
541.942 114.778
553.918 89.3275
571.883 62.3801
594.339 48.9064
}
