n_points: 66 {
663 114
683.452 122.453
703.905 130.905
724.357 143.452
744.81 156
764.262 173.857
783.714 191.714
797.667 212.166
811.619 232.619
819.31 253.072
827 273.524
832 293.976
837 314.429
840.5 334.881
844 355.333
849 396.238
849 437.143
849 478.048
849 518.952
850 559.857
851 600.762
856 641.667
859 662.119
862 682.571
865.5 703.024
869 723.476
874 764.381
877.143 784.833
880.286 805.286
883.143 825.738
886 846.19
884.905 887.095
880.452 907.548
876 928
868 900.167
853 872.333
827.5 846.5
799.667 830.667
771.833 819
744 809
754 776.231
754 743.462
752 710.692
745 677.923
732 645.154
714.385 612.385
694.615 579.615
673.846 546.846
660.962 530.462
648.077 514.077
626.308 481.308
618 448.538
611 415.769
614 383
618 358.75
618 334.5
602.25 312.25
578 304
570.333 283.833
562.667 263.667
565 223.333
571 183
577.167 162.834
583.333 142.667
603 130.334
622.667 118
}
