n_points: 66 {
670 70
688.881 75.5
707.762 81
726.643 92
745.524 103
764.405 119
783.286 135
799.167 152.024
815.048 169.048
823.429 187.929
831.81 206.81
839.19 225.69
846.571 244.571
851.785 263.452
857 282.333
862 301.214
867 320.095
870.5 338.976
874 357.857
877 376.738
880 395.619
885 433.381
889.143 471.143
893 508.905
897 546.667
900 584.429
904 622.19
909.5 641.071
915 659.952
921 678.833
927 697.714
931 716.595
935 735.476
934 773.238
930.5 792.119
927 811
913.667 783.667
889.333 757.333
862 739
834.667 725
807.333 716
780 702
794 673.615
795 645.231
790 616.846
776.462 588.462
758.077 560.077
735.692 531.692
714 503.308
695.923 474.923
676.538 446.538
659 418.154
654 389.769
649 361.385
637 333
646 301.75
641.5 270.5
613.25 251
582 246
582 209.5
583 173
586 136.5
591.5 118.25
597 100
615.25 87.75
633.5 75.5
}
