n_points: 66 {
641.934 57.2326
674.417 61.8731
690.659 70.3807
706.9 78.8882
722.369 90.4896
737.837 102.091
757.946 120.653
784.242 145.402
795.07 160.097
805.897 174.792
814.405 194.127
822.912 213.462
829.1 232.798
835.287 252.133
841.475 272.242
847.662 292.35
851.529 313.233
855.396 334.115
859.263 352.677
863.13 371.239
868.544 395.214
873.958 419.19
879.372 443.94
884.786 468.689
888.653 493.438
892.52 518.187
897.16 544.483
901.801 570.779
908.762 590.115
915.722 609.45
923.456 630.332
931.19 651.214
934.284 672.87
912.628 652.761
886.332 631.106
853.849 615.637
821.366 609.45
799.71 607.13
778.054 604.81
778.054 584.701
767.227 556.858
754.852 542.163
742.477 527.468
728.555 512
714.634 496.532
699.166 484.157
683.698 471.782
658.949 457.861
641.934 440.846
618.731 416.097
612.304 387.743
613.801 369.029
615.298 350.316
615.298 318.877
616.795 284.444
615.298 257.497
613.801 236.538
606.357 218.103
589.341 196.447
566.139 185.619
539.843 182.526
538.296 148.495
544.483 114.465
556.858 83.5287
587.795 64.9668
615.637 58.7795
}
