n_points:  50
{
   707 60 
   755.143 76.1429 
   803.286 114 
   851.429 150.429 
   885 197.571 
   905.714 245.714 
   921 293.857 
   931 342 
   937 390.143 
   943 438.286 
   945 486.429 
   947 534.571 
   950 582.714 
   947.143 630.857 
   946 679 
   950 727.143 
   952 775.286 
   951 823.429 
   948 871.571 
   941 919.714 
   926 967.857 
   899 1016 
   897 981.667 
   889.333 947.333 
   873 913 
   843.667 880.667 
   809.333 863.333 
   775 855 
   762 818.538 
   759 782.077 
   752 745.615 
   741.154 709.154 
   725.692 672.692 
   703 636.231 
   678.769 599.769 
   653 563.308 
   635.846 526.846 
   622 490.385 
   619 453.923 
   624 417.462 
   622 381 
   652 348.25 
   660.5 315.5 
   646.75 283 
   614 272 
   614 228.667 
   614 185.333 
   612 142 
   627 98.6666 
   663.667 68.3334 
}
