n_points: 66 {
657 102
679 111.5
701 121
723 133
745 145
766.5 163
788 181
803.5 203
819 225
831 247
843 269
850 291
857 313
866 357
873 401
879 445
883 489
886 533
889 577
892 621
897 665
903 709
909 753
913 797
914 841
913 885
906 929
898.5 951
891 973
883.5 949
876 925
861 901.5
846 878
822 863.5
798 849
774 842
750 835
726 833
702 831
678 828.5
654 826
692.846 815
731.692 803.308
769.538 781.462
774.615 742.615
751.769 703.769
729.923 664.923
714 645.5
698.077 626.077
682.154 606.654
666.231 587.231
653.808 567.808
641.385 548.385
623 509.538
604.692 470.692
589 431.846
580 393
591.25 366.75
591 340.5
576.25 314.25
552 303
555 262.333
560 221.667
568 181
583 140.333
616.333 108.667
}
