n_points: 66 {
712 57
732.69 63.6905
753.381 70.381
774.072 83.5714
794.762 96.7619
814.952 115.952
835.143 135.143
851.833 155.834
868.524 176.524
882.715 197.214
896.905 217.905
907.095 238.596
917.286 259.286
923.976 279.976
930.667 300.667
934.833 321.357
939 342.048
943.5 362.738
948 383.429
953 404.12
958 424.81
965 466.19
972 507.571
977 548.952
980 590.333
981 631.714
982 673.095
987 714.476
991.428 735.167
995.857 755.857
1001 797.238
1004 838.619
999 880
976.333 849.333
961 835
945.667 820.667
915 802
884.333 791
853.667 785.667
823 778
810 743.154
801 708.308
790 673.462
774 638.615
756 603.769
744 586.346
732 568.923
716.038 551.5
700.077 534.077
686.654 516.654
673.231 499.231
656.385 464.385
651 429.538
654 394.692
659 359.846
665 325
665 293
658 261
637 233
605 224
600 186.667
602 149.333
609 112
623.167 95
637.333 78
674.667 60
}
