n_points: 66 {
663.589 137.668
692.979 143.855
713.088 154.683
736.29 174.792
764.133 197.994
787.335 219.65
801.257 249.039
808.991 281.523
815.178 314.006
822.912 355.77
825.233 381.293
827.553 406.816
829.1 430.019
830.647 453.221
829.874 481.837
829.1 510.453
829.874 535.202
830.647 559.952
833.74 586.248
836.834 612.544
840.701 637.293
844.568 662.042
848.435 686.792
852.302 711.541
859.263 736.29
866.224 761.039
867.771 783.468
869.317 805.897
867.771 831.42
866.224 856.943
869.317 889.426
864.677 912.628
852.302 886.332
839.927 856.943
815.178 830.647
795.069 807.444
770.32 795.069
731.65 787.335
699.166 781.148
720.822 773.414
748.665 762.586
756.399 740.931
753.305 722.369
739.384 697.619
725.462 662.042
706.9 628.012
695.299 607.903
683.698 587.795
668.229 567.686
652.761 547.577
631.106 518.187
616.411 501.172
601.716 484.157
604.81 440.846
607.903 413.003
597.076 391.347
603.263 365.051
598.622 341.849
586.248 321.74
569.233 312.459
550.671 307.819
552.218 267.601
555.311 224.29
564.592 187.166
584.701 157.776
620.278 139.215
}
