n_points: 66 {
648 67
667.762 73.2619
687.524 79.5238
705.786 96.2859
724.048 113.048
740.31 132.81
756.571 152.571
767.285 172.333
778 192.095
784.5 211.857
791 231.619
795 251.381
799 271.143
804 310.667
808 350.19
813 389.714
818 429.238
821.5 449
825 468.762
831 508.286
837.81 547.81
841.905 567.572
846 587.333
850.5 607.095
855 626.857
860.5 646.619
866 666.381
870.5 686.143
875 705.905
882 745.429
881.048 784.952
877 824.476
870 864
857 826.333
844.833 807.5
832.667 788.667
816.333 770.333
800 752
781.167 738.667
762.333 725.333
724.667 713
687 708
684 679.308
676 650.615
668 621.923
661 593.231
650 564.538
637 535.846
624 507.154
606.462 478.462
588 449.769
584 421.077
586 392.385
588 363.692
590 335
594 312.25
593 289.5
576.75 267
554 257
552 217.5
555 178
557 138.5
564.5 118.75
572 99
590.25 86
608.5 73
}
