n_points: 66 {
632.652 85.0755
655.081 88.1692
677.51 91.2628
708.447 111.372
740.93 134.574
768.773 160.87
788.882 191.807
799.71 232.024
808.991 270.695
813.631 293.898
818.272 317.1
822.912 354.224
825.233 376.653
827.553 399.082
832.966 422.284
838.38 445.486
841.474 467.915
844.568 490.344
848.435 516.64
852.302 542.937
857.716 566.913
863.13 590.888
869.317 620.278
875.504 649.668
887.879 689.885
890.973 715.408
894.066 740.931
895.613 764.907
897.16 788.882
897.16 822.912
897.16 856.943
897.16 878.598
875.504 856.943
864.677 836.834
838.38 802.804
805.897 790.429
773.414 784.242
744.024 778.054
747.118 747.118
754.852 714.634
753.305 683.698
742.477 651.214
722.368 612.544
697.619 578.514
675.964 546.03
654.308 512
641.16 492.664
628.012 473.329
612.544 443.94
597.075 409.909
592.435 380.52
589.341 361.958
589.341 361.958
593.982 326.381
586.248 301.631
573.873 279.976
556.858 262.961
535.202 261.414
521.281 262.961
524.374 222.743
526.695 200.314
529.015 177.885
538.296 154.683
547.577 131.48
567.686 108.278
595.529 92.8097
}
