n_points: 66 {
662 51
694.714 62.7143
711.072 74.0714
727.429 85.4286
742.286 101.786
757.143 118.143
772 134.5
786.857 150.857
795.428 167.214
804 183.571
816 216.286
827 249
837.714 281.714
848.429 314.429
858 347.143
865 379.857
873.571 412.571
881 445.286
889 478
901.714 510.714
911 543.429
918.143 576.143
923 608.857
928 641.571
930 674.286
919 707
905 686.5
891 666
871.5 647.5
852 629
831.5 618
811 607
790.5 602.5
770 598
749.5 595.5
729 593
708.5 593.5
688 594
720.846 584.154
753.692 575
768.846 563.231
784 551.462
789 518.615
780.769 485.769
765.346 469.346
749.923 452.923
733.5 440.5
717.077 428.077
702.154 411.654
687.231 395.231
674.808 378.808
662.385 362.385
655.962 345.962
649.538 329.538
643 296.692
640 263.846
642 231
642 202.75
632.5 174.5
605.25 154.25
577 155
574 131.167
578 107.333
590.5 83.5
614.333 65.6666
638.167 55
}
