n_points: 66 {
664 125
696.381 128.381
728.762 143.762
758 164.143
768.762 180.334
779.524 196.524
790.715 212.714
801.905 228.905
814.286 261.286
823 293.667
830.048 326.048
837 358.429
843 390.81
849 423.19
853 455.571
855 487.952
857 520.333
859.714 552.714
865 585.095
871 617.476
878 649.857
883 682.238
888 714.619
889 747
873.333 740
857.667 734
842 730
826.333 726
810.667 722
795 718
811.615 699.885
828.231 681.769
839.115 663.154
850 644.538
857 607.308
852 570.077
839.423 551.462
826.846 532.846
808.231 515.731
789.615 498.615
771 486.308
752.385 474
733.769 465.5
715.154 457
696.538 447.462
677.923 437.923
662.308 419.308
646.692 400.692
639.346 382.077
632 363.462
635.885 344.846
639.769 326.231
644 289
646 269.875
648 250.75
639.25 231.625
630.5 212.5
611.875 205.75
593.25 199
574.125 201.5
555 204
562.167 180.833
574 157.667
594.5 136
617.667 129
640.833 126
}
