n_points: 66 {
633 104
653.285 112.785
673.571 121.571
693.857 139.357
714.143 157.143
731.928 177.428
749.714 197.714
767 218
784.286 238.286
796.643 258.572
809 278.857
817 299.143
825 319.429
831 339.714
837 360
845.571 400.571
854 441.143
866 481.714
873 522.286
877 562.857
882.429 603.429
886 644
892 684.571
902 725.143
908.5 745.428
915 765.714
924 806.286
922 846.857
916.571 887.429
909.785 907.715
903 928
887.5 912.5
872 897
862 878
852 859
835.5 843
819 827
781 814
743 812
705 820
722 805.615
739 791.231
749.538 754.462
749 717.692
735.923 680.923
716.154 644.154
699.769 625.769
683.385 607.385
665 590.692
646.615 574
628.731 556.423
610.846 538.846
604 502.077
616.692 465.308
628 428.538
630 391.769
626 355
620 324.25
610.5 293.5
582.75 269
552 262
552 227.667
554 193.333
557 159
569.333 124.667
598.667 107
}
