n_points:  52
{
   685.245 98.997 
   722.369 109.825 
   759.492 131.48 
   785.789 156.23 
   805.897 185.619 
   827.553 224.29 
   836.834 267.601 
   847.662 306.272 
   853.849 351.13 
   860.036 400.628 
   861.583 447.033 
   869.317 496.532 
   873.958 541.39 
   873.958 589.341 
   881.692 640.387 
   894.066 688.338 
   900.254 736.29 
   907.988 781.148 
   912.628 819.819 
   915.722 863.13 
   917.269 897.16 
   917.269 928.097 
   892.52 903.347 
   890.973 877.051 
   872.411 852.302 
   844.568 827.553 
   816.725 816.725 
   790.429 812.085 
   770.32 807.444 
   782.695 765.68 
   788.882 717.728 
   784.242 675.964 
   768.773 628.012 
   748.665 589.341 
   719.275 558.405 
   679.057 524.375 
   649.668 499.625 
   623.372 467.142 
   623.372 437.752 
   618.731 391.347 
   617.184 358.864 
   617.184 331.021 
   623.372 300.085 
   631.106 272.242 
   624.918 244.399 
   607.903 222.743 
   578.514 213.462 
   578.514 179.432 
   580.06 145.402 
   600.169 117.559 
   634.199 102.091 
   658.949 98.997 
}
