n_points: 66 {
714.634 80.435
745.571 86.6224
779.601 105.184
816.725 123.746
849.208 153.136
866.224 188.713
884.786 225.837
890.973 250.586
897.16 275.335
900.254 298.538
903.347 321.74
904.894 345.716
906.441 369.692
907.988 394.441
909.535 419.19
910.308 453.221
911.082 487.251
911.855 518.188
912.628 549.124
915.722 573.873
918.816 598.622
921.909 641.934
924.229 665.136
926.55 688.338
931.964 713.861
937.378 739.384
937.378 782.695
931.19 822.912
925.777 851.529
920.363 880.145
913.402 902.574
906.441 925.003
892.52 962.127
867.77 1000.8
861.583 957.486
850.755 914.175
833.74 886.332
808.991 870.864
773.414 861.583
742.477 860.036
776.508 846.115
795.069 824.459
805.897 793.523
812.085 757.946
807.444 722.369
793.523 685.245
767.227 649.668
737.837 620.278
706.9 590.888
675.964 564.592
651.214 525.921
640.387 481.063
637.293 440.846
631.106 395.988
623.372 363.505
638.84 344.943
649.668 318.647
660.495 296.991
657.402 269.148
635.746 244.399
610.997 236.665
613.317 209.596
615.637 182.526
621.825 140.761
634.199 100.544
672.87 85.0755
}
