n_points: 66 {
629.559 52.5921
652.761 60.3263
682.151 75.7946
706.9 92.8097
730.103 116.012
744.797 126.84
759.492 137.668
779.601 159.323
788.882 178.659
798.163 197.994
806.67 223.517
815.178 249.039
820.592 276.108
826.006 303.178
829.873 331.021
833.74 358.864
839.154 392.121
844.568 425.378
847.662 443.94
850.755 462.501
853.849 481.063
856.943 499.625
864.677 529.015
872.411 558.405
880.918 583.154
889.426 607.903
898.707 632.653
907.988 657.402
886.332 660.495
858.489 657.402
826.006 649.668
801.257 641.934
779.601 632.653
764.133 624.918
748.665 617.184
744.024 597.076
736.29 580.061
728.556 563.045
709.994 536.749
686.792 515.094
663.589 493.438
651.215 481.837
638.84 470.236
618.731 445.486
613.801 413.193
613.801 395.228
613.801 377.263
610.059 359.298
606.316 341.333
603.322 315.883
601.825 293.427
597.333 266.48
586.854 247.018
575.42 233.571
555.311 224.29
533.656 222.743
515.094 222.743
516.64 204.181
518.187 185.619
519.734 167.831
521.281 150.042
530.562 117.559
542.937 88.1692
566.139 68.0604
595.529 54.139
612.544 53.3655
}
