n_points:  50
{
   653 124 
   685.952 132 
   718.905 150 
   751.857 178.857 
   777 211.81 
   793.762 244.762 
   803.714 277.714 
   810.667 310.667 
   816 343.619 
   822.571 376.571 
   829 409.524 
   836.476 442.476 
   844 475.429 
   849.381 508.381 
   853 541.333 
   857 574.286 
   863 607.238 
   870 640.19 
   878 673.143 
   884.095 706.095 
   888 739.048 
   886 772 
   868.333 756.333 
   850.667 742.667 
   833 733 
   815.333 726 
   797.667 719.667 
   780 713 
   764 684.846 
   750.692 656.692 
   735.538 628.538 
   719 600.385 
   699.231 572.231 
   671.077 546.077 
   642.923 523.923 
   616.769 496.769 
   600.615 468.615 
   589 440.462 
   579 412.308 
   579 384.154 
   580 356 
   582.5 331.5 
   581 307 
   566 282.5 
   543 269 
   541.667 234.667 
   544 200.333 
   556 166 
   584.333 135.667 
   618.667 124.333 
}
