n_points:  50
{
   645.027 123.746 
   679.057 129.934 
   719.275 154.683 
   750.211 176.338 
   781.148 199.541 
   813.631 228.931 
   839.927 256.773 
   858.489 287.71 
   877.051 327.927 
   889.426 368.145 
   900.254 417.643 
   907.988 482.61 
   909.535 532.109 
   909.535 597.076 
   912.628 668.23 
   920.363 730.103 
   926.55 810.538 
   928.097 877.051 
   926.55 923.456 
   907.988 963.674 
   897.16 943.565 
   890.973 918.816 
   872.411 897.16 
   846.115 880.145 
   816.725 867.77 
   774.961 850.755 
   788.882 832.193 
   799.71 801.257 
   805.897 768.773 
   807.444 733.196 
   791.976 689.885 
   771.867 648.121 
   744.024 609.45 
   716.181 581.607 
   682.151 544.483 
   657.402 513.547 
   623.372 473.329 
   610.997 439.299 
   600.169 413.003 
   617.184 389.801 
   623.372 365.051 
   612.544 337.208 
   590.888 320.193 
   570.779 307.819 
   569.233 273.789 
   567.686 232.024 
   570.779 188.713 
   575.42 156.23 
   593.982 136.121 
   618.731 125.293 
}
