n_points:  47
{
   658.949 98.997 
   692.979 109.825 
   730.103 133.027 
   759.492 159.323 
   788.882 184.073 
   804.35 215.009 
   821.366 252.133 
   833.74 292.35 
   843.021 343.396 
   855.396 392.894 
   867.77 443.94 
   878.598 499.625 
   894.066 558.405 
   909.535 604.81 
   918.816 660.495 
   931.19 720.822 
   942.018 764.133 
   948.205 799.71 
   946.659 827.553 
   928.097 818.272 
   904.894 788.882 
   873.958 761.039 
   844.568 745.571 
   815.178 736.29 
   788.882 728.556 
   756.399 728.556 
   784.242 717.728 
   790.429 703.807 
   784.242 682.151 
   765.68 646.574 
   737.837 603.263 
   714.634 570.779 
   686.792 530.562 
   665.136 501.172 
   640.387 467.142 
   621.825 425.378 
   604.81 399.082 
   598.622 365.051 
   598.622 344.943 
   597.076 321.74 
   586.248 293.897 
   572.326 276.882 
   572.326 233.571 
   573.873 180.979 
   578.514 148.495 
   600.169 122.199 
   629.559 103.637 
}
