n_points:  50
{
   712 111 
   752.143 122.143 
   792.286 153.286 
   832.429 185.429 
   863 225.571 
   882 265.714 
   891 305.857 
   902 346 
   908 386.143 
   912 426.286 
   913 466.429 
   914.571 506.571 
   918 546.714 
   924 586.857 
   932 627 
   938 667.143 
   945 707.286 
   949 747.429 
   954 787.571 
   960 827.714 
   959 867.857 
   950 908 
   930.833 884.833 
   909.667 863 
   886.5 847 
   863.333 836.333 
   840.167 832 
   817 829 
   802 792.538 
   786.077 756.077 
   772.615 719.615 
   759 683.154 
   747.692 646.692 
   729.231 610.231 
   706 573.769 
   682.308 537.308 
   668 500.846 
   666.615 464.385 
   669 427.923 
   666 391.462 
   663 355 
   660 328.25 
   653 301.5 
   639.75 274.75 
   616 255 
   614 222.167 
   616 189.333 
   622 156.5 
   646.333 128.667 
   679.167 114 
}
