n_points: 66 {
691 45
709.643 51.5
728.286 58
746.928 71.7857
765.571 85.5714
783.714 103.214
801.857 120.857
814.428 138
827 155.143
832 173.786
837 192.429
843 229.714
846 248.357
849 267
852.5 285.643
856 304.286
859.5 322.928
863 341.571
866 360.214
869 378.857
873.143 416.143
876 453.429
876 490.714
880 528
885 565.286
889 602.571
893 639.857
897 658.5
901 677.143
903 714.429
899.643 733.072
896.286 751.714
892.143 770.357
888 789
872.833 768.833
855.667 748.667
837.5 729
817.333 712.333
797.167 703
777 698
781 665.692
783 633.385
780 601.077
766 568.769
747.462 536.462
728.154 504.154
717 488
705.846 471.846
692.923 455.692
680 439.538
666.115 423.385
652.231 407.231
633.923 374.923
624 342.615
614 310.308
599 278
611 247.75
617 217.5
601.25 188.25
571 179
572 146.5
584 114
601.5 81.5
613.75 66.75
626 52
658.5 45
}
