n_points: 66 {
705 68
726 78.5
747 89
767.5 102.5
788 116
806 137
824 158
840 179
856 200
867 242
875 284
881 326
884 368
891 410
902 452
910 494
916 536
922 578
925 620
933 662
938 704
948 746
958 788
961 830
962 872
965 914
954.417 890.917
943.833 867.833
927.75 844.917
911.667 822
888.583 813
865.5 804
842.417 803
819.333 802
796.25 803.5
773.167 805
750.083 805.5
727 806
766.385 792
784.577 778.615
802.769 765.231
814 725.846
810.462 686.462
796 647.077
781.846 627.385
767.692 607.692
749 588
730.308 568.308
713.115 549.115
695.923 529.923
682 490.538
673 451.154
664 411.769
656 372.385
649 333
652 303
643 273
616 248
586 244
586 205.333
589 166.667
600 128
613.833 109.167
627.667 90.3334
647 78.6667
666.333 67
}
