n_points: 66 {
655.855 134.574
691.432 145.402
727.009 163.964
747.118 176.339
767.227 188.713
796.616 213.462
815.178 247.492
827.553 284.616
836.834 317.1
842.248 337.982
847.662 358.864
851.529 382.067
855.396 405.269
858.489 443.94
861.583 464.822
864.677 485.704
869.317 508.907
873.958 532.109
878.599 557.631
883.239 583.154
887.106 607.13
890.973 631.106
898.707 659.722
906.441 688.338
914.948 716.181
923.456 744.024
927.323 771.093
931.19 798.163
932.737 835.287
931.19 870.864
925.003 904.894
906.441 884.786
883.239 856.943
858.489 832.193
832.193 816.725
798.163 807.444
773.414 810.538
740.931 810.538
768.773 788.882
791.976 767.227
804.35 737.837
801.257 703.807
787.335 666.683
775.734 649.668
764.133 632.653
740.931 603.263
711.541 576.967
699.167 559.952
686.792 542.937
671.323 508.906
660.495 471.782
638.84 442.393
618.731 420.737
614.091 385.16
614.091 360.411
610.997 337.208
597.076 320.193
578.514 304.725
555.311 301.631
556.858 264.508
559.178 240.532
561.498 216.556
566.912 197.221
572.326 177.885
587.795 148.495
618.731 134.574
}
