n_points:  50
{
   687 118 
   726.095 130 
   765.19 160.19 
   801.286 198.286 
   829.381 237.381 
   852 276.476 
   869 315.571 
   884 354.667 
   890 393.762 
   897 432.857 
   904 471.952 
   913 511.048 
   920 550.143 
   928 589.238 
   935 628.333 
   943 667.429 
   950 706.524 
   954 745.619 
   956 784.714 
   956 823.81 
   955 862.905 
   953 902 
   932.5 875.5 
   913 849 
   888.5 826.5 
   862 808 
   835.5 797.5 
   809 797 
   808 764 
   811 731 
   811 698 
   806 665 
   792 632 
   765 599 
   734 566 
   706 533 
   683 500 
   668 467 
   652 434 
   638 401 
   623 368 
   638 335.5 
   644 303 
   635 270.5 
   606 246 
   601 218.667 
   600 191.333 
   609 164 
   632.333 140.667 
   659.667 128 
}
