n_points: 66 {
671.323 55.6858
692.206 58.7794
713.088 61.8731
740.158 74.2477
767.227 86.6224
784.242 103.638
801.257 120.653
832.193 143.855
843.794 161.643
855.396 179.432
865.45 199.541
875.505 219.65
884.013 248.266
892.52 276.882
897.933 305.499
903.347 334.115
904.894 358.864
906.441 383.613
908.762 406.815
911.082 430.018
908.762 454.767
906.441 479.517
907.215 508.907
907.988 538.296
910.308 567.686
912.628 597.076
910.308 624.918
907.988 652.761
907.215 682.151
906.441 711.541
906.441 744.024
895.613 778.054
878.598 740.931
855.396 708.447
830.647 682.151
799.71 655.855
781.148 647.348
762.586 638.84
734.743 637.293
696.073 643.48
696.073 609.45
696.073 576.967
689.885 554.538
683.698 532.109
675.19 512.774
666.683 493.438
657.402 470.236
648.121 447.033
636.519 426.924
624.918 406.816
604.81 383.613
606.357 354.224
603.263 324.834
587.795 309.366
587.795 276.882
580.06 244.399
569.233 227.384
568.459 200.315
567.686 173.245
569.233 149.269
570.779 125.293
580.833 104.411
590.888 83.5287
607.13 71.1541
623.372 58.7795
647.347 57.2326
}
