n_points: 66 {
678 96
699.857 105.857
721.714 115.714
743.572 132.572
765.429 149.429
785.786 171.286
806.143 193.143
821 215
835.857 236.857
847.928 258.714
860 280.571
866.5 302.428
873 324.286
879 368
884 411.714
887 455.429
890.5 477.286
894 499.143
897.5 521
901 542.857
905.285 564.714
909.571 586.571
913.285 608.428
917 630.286
923 674
929 717.714
932.715 739.572
936.429 761.429
940.715 783.286
945 805.143
950.857 848.857
954 892.571
959 936.286
953 980
940 947
924 914
899 881
882.5 864.5
866 848
833 831
800 822
796 787.923
786.846 753.846
769.769 719.769
748.692 685.692
720.615 652.615
686.538 627.538
671.769 611
657 594.462
648 560.385
651 526.308
651 492.231
645.154 458.154
640 424.077
634 390
644 351.75
634.5 313.5
615.375 301.75
596.25 290
558 290
554 249.667
558 209.333
575 169
588 148.834
601 128.667
637.667 104
}
