n_points: 66 {
645.027 9.28097
682.151 18.5619
705.353 34.0302
733.196 60.3263
767.227 86.6224
788.882 114.465
804.35 145.402
813.631 182.526
821.366 218.103
826.006 258.32
830.647 300.085
835.287 354.224
836.834 409.909
839.927 451.674
844.568 504.266
850.755 555.311
869.317 607.903
872.411 651.214
873.958 688.338
873.958 730.103
875.505 761.039
872.411 782.695
866.224 812.085
856.943 795.069
841.474 771.867
819.819 750.211
791.976 733.196
770.32 720.822
747.118 719.275
717.728 719.275
689.885 719.275
655.855 720.822
635.746 720.822
649.668 709.994
677.511 706.9
713.088 703.807
744.024 691.432
761.039 672.87
776.508 643.48
776.508 609.45
765.68 573.873
748.665 538.296
730.103 515.094
706.9 487.251
680.604 467.142
654.308 443.94
642 419
633 390
624 364
622 334
618 306
617 282
618 262
619 245
620.278 221.196
614.091 199.541
595.529 179.432
573.873 173.245
550.671 177.885
535.202 180.979
536.749 142.308
541.39 106.731
546.03 68.0604
559.952 40.2175
584.701 23.2024
612.544 12.3746
}
