n_points: 66 {
694 40
728 58
748.665 74.2477
778.054 97.4501
807.444 122.199
827.553 148.495
838.381 179.432
852.302 215.009
861.583 256.773
869.317 298.538
872.411 346.489
886 398
884 450
889 480
894 510
900.994 540.389
907.988 570.779
913.402 598.622
918.816 626.465
929.643 674.417
934.284 722.369
929.643 771.867
926.55 805.897
926.55 841.474
917.269 867.77
903.347 846.115
884.786 813.631
860.036 785.789
833.74 773.414
798.163 767.227
747.891 757.946
763.359 742.477
778.054 725.462
789.656 703.033
791.976 678.284
792.749 652.761
785.015 625.692
777.281 605.583
765.68 584.701
753.305 566.139
739.384 545.257
721.595 522.828
700.713 500.399
684.471 481.063
671.323 460.955
664.363 443.94
648.894 428.471
637.754 416.187
636.257 383.251
636.257 350.316
634.76 332.351
628.772 321.871
628.772 305.404
637.754 287.439
640.749 267.977
630.269 244.023
619.789 230.55
604.819 218.573
598.83 215.579
595.836 193.123
597.333 167.673
590 124
596 88
610 56
632 36
658 34
}
