n_points:  50
{
   657 198 
   697 209 
   737 229 
   777 265 
   808 305 
   827 345 
   838 385 
   843 425 
   848 465 
   851 505 
   853 545 
   855 585 
   858 625 
   861 665 
   867 705 
   874 745 
   882 785 
   892 825 
   898 865 
   902 905 
   909 945 
   910 985 
   887 955.833 
   862.667 927.667 
   833.5 914 
   804.333 913 
   775.167 908 
   746 910 
   773.538 875.462 
   804.077 840.923 
   824 806.385 
   824 771.846 
   811.308 737.308 
   790.769 702.769 
   763.231 668.231 
   732.692 633.692 
   701.154 601.154 
   673.615 566.615 
   648.077 532.077 
   640 497.538 
   645 463 
   653 422.5 
   644 382 
   605.5 357 
   565 359 
   565 323.333 
   563 287.667 
   568 252 
   585.667 217.333 
   621.333 198 
}
