n_points: 66 {
678 57
719.381 66
739.572 80.8809
759.762 95.7619
779.452 115.952
799.143 136.143
815.833 156.334
832.524 176.524
844.215 197.214
855.905 217.905
863.952 238.596
872 259.286
879.833 279.976
887.667 300.667
897.048 342.048
907 383.429
912.405 404.12
917.81 424.81
927 466.19
935.571 507.571
946 548.952
951.5 569.642
957 590.333
966 631.714
973 673.095
981.476 714.476
986.738 735.167
992 755.857
1002 797.238
1005 838.619
1009 880
991 845
972 810
957 794.5
942 779
907 764
872 757
837 752
827.923 721.923
816 691.846
800.769 661.769
779.692 631.692
751.615 601.615
721.538 575
691.462 547.462
666.385 517.385
645 487.308
628.231 457.231
620 427.154
617.077 397.077
615 367
624 331.25
624 295.5
601.75 259.75
566 246
565.5 224.666
565 203.333
567 182
569 160.667
571.5 139.334
574 118
583.333 97.5
592.667 77
614 68
635.333 59
656.667 58
}
