n_points:  49
{
   666.683 98.997 
   697.619 109.825 
   720.822 128.387 
   754.852 148.495 
   791.976 174.792 
   810.538 204.181 
   827.553 239.758 
   843.021 283.069 
   855.396 329.474 
   866.224 388.254 
   873.958 443.94 
   880.145 504.266 
   886.332 572.326 
   890.973 626.465 
   897.16 696.073 
   914.175 756.399 
   923.456 827.553 
   928.097 886.332 
   926.55 943.565 
   903.347 912.628 
   883.239 883.239 
   856.943 850.755 
   830.647 833.74 
   805.897 824.459 
   773.414 827.553 
   764.133 796.616 
   762.586 761.039 
   753.305 720.822 
   736.29 682.151 
   722.369 648.121 
   697.619 609.45 
   672.87 576.967 
   640.387 552.218 
   634.199 521.281 
   635.746 496.532 
   634.199 464.048 
   631.106 428.471 
   629.559 389.801 
   626.465 354.224 
   624.918 326.381 
   620.278 296.991 
   606.357 275.335 
   584.701 261.414 
   561.498 261.414 
   555.311 224.29 
   556.858 177.885 
   573.873 134.574 
   604.81 109.825 
   638.84 98.997 
}
