n_points:  45
{
   668.23 54.139 
   705.353 64.9668 
   731.65 83.5287 
   757.946 109.825 
   784.242 136.121 
   801.257 154.683 
   819.819 173.245 
   833.74 201.088 
   850.755 230.477 
   866.224 266.054 
   881.692 312.459 
   895.613 360.411 
   904.894 405.269 
   909.535 453.221 
   907.988 508.906 
   914.175 552.218 
   925.003 595.529 
   932.737 637.293 
   937.378 675.964 
   928.097 713.088 
   912.628 682.151 
   892.52 657.402 
   873.958 648.121 
   843.021 632.653 
   836.834 600.169 
   829.1 563.045 
   804.35 529.015 
   781.148 496.532 
   751.758 470.236 
   730.103 448.58 
   717.728 422.284 
   706.9 397.535 
   692.979 368.145 
   682.151 334.115 
   677.511 296.991 
   669.776 259.867 
   663.589 215.009 
   651.214 187.166 
   631.106 173.245 
   614.091 170.151 
   592.435 173.245 
   592.435 137.668 
   597.076 106.731 
   610.997 77.3414 
   637.293 58.7795 
}
