n_points:  48
{
   672.87 85.0755 
   700.713 98.997 
   734.743 114.465 
   767.227 126.84 
   802.804 148.495 
   829.1 179.432 
   843.021 210.369 
   856.943 239.758 
   867.77 279.976 
   875.505 324.834 
   883.239 374.332 
   894.066 428.471 
   904.894 482.61 
   907.988 525.921 
   918.816 583.154 
   928.097 646.574 
   940.471 700.713 
   948.205 764.133 
   955.94 819.819 
   957.486 873.958 
   954.393 935.831 
   926.55 907.988 
   903.347 881.692 
   869.317 864.677 
   838.381 852.302 
   807.444 846.115 
   795.069 812.085 
   791.976 771.867 
   781.148 725.462 
   764.133 677.511 
   736.29 629.559 
   709.994 584.701 
   677.511 544.483 
   641.934 512 
   617.184 471.782 
   604.81 430.018 
   592.435 380.52 
   580.06 354.224 
   592.435 334.115 
   598.622 312.459 
   593.982 289.257 
   576.967 269.148 
   561.498 259.867 
   553.764 224.29 
   555.311 176.338 
   563.045 126.84 
   598.622 95.9033 
   637.293 85.0755 
}
