n_points: 66 {
670.69 74.8538
691.649 82.3392
711.86 92.0702
729.825 107.789
749.287 130.246
768 154.947
782.222 177.404
791.953 198.363
800.187 222.316
807.672 249.263
815.158 275.462
823.392 303.158
825.638 321.497
827.883 339.836
832.374 364.538
836.865 389.24
840.234 408.702
843.602 428.164
847.345 447.251
851.088 466.339
853.333 481.684
855.579 497.029
861.941 520.983
868.304 544.936
875.041 567.392
881.778 589.848
883.275 609.31
884.772 628.772
884.772 644.492
884.772 660.211
884.772 681.17
860.819 666.199
836.865 648.234
827.433 631.617
818 615
802.5 594.5
787 574
771.5 556.5
756 539
742 524.5
728 510
710.5 493
693 476
681 462.5
669 449
656.5 434.5
644 420
629 396.5
614 373
602 345
598 330
594 315
600 290
608 267
606.316 248.515
592.842 227.556
571.883 217.076
544.936 221.567
543.439 204.351
541.942 187.135
546.433 158.69
567.392 136.234
583.86 116.772
600.328 95.8129
625.778 80.8421
649.731 76.3509
}
