n_points:  50
{
   687 80 
   726.095 96 
   761 128.19 
   785.286 167.286 
   797 206.381 
   804 245.476 
   805 284.571 
   806 323.667 
   806 362.762 
   803 401.857 
   801 440.952 
   801 480.048 
   803.143 519.143 
   805 558.238 
   806.333 597.333 
   808.429 636.429 
   813 675.524 
   823 714.619 
   828 753.714 
   826 792.81 
   823 831.905 
   818 871 
   801.333 849.333 
   785.667 827.667 
   766 810 
   744.333 799 
   722.667 790 
   701 777 
   722.308 744.692 
   739 712.385 
   741 680.077 
   721.769 647.769 
   703.462 615.462 
   677.154 583.154 
   655.846 550.846 
   634.538 518.538 
   616 486.231 
   606 453.923 
   600 421.615 
   588 389.308 
   582 357 
   596 326 
   592 295 
   572 269 
   541 257 
   544 218.667 
   561 180.333 
   577 142 
   610.333 105.667 
   648.667 81 
}
