n_points: 66 {
633 36
653.548 44.0476
674.095 52.0952
694.643 66.5476
715.19 81
735.738 92.643
756.286 104.286
774.333 123.334
792.381 142.381
802.19 162.928
812 183.476
821.285 204.024
830.571 224.571
835.619 245.119
840.667 265.667
847.715 286.214
854.762 306.762
860 347.857
864 368.404
868 388.952
873 430.048
878 471.143
882 491.691
886 512.238
890 532.785
894 553.333
898 594.429
904 635.524
910 676.619
916 717.714
916.19 758.81
909.095 799.905
901.548 820.452
894 841
881.5 809.5
862 778
832.5 753.5
801 739
769.5 730
738 727
750 693.692
760 660.385
764 627.077
762 593.769
752 560.462
738 527.154
715 493.846
700.769 477.192
686.538 460.538
671.885 443.885
657.231 427.231
644.577 410.577
631.923 393.923
613 360.615
601.308 327.308
589 294
591 272.75
588 251.5
570.25 230.25
552 209
549 173
552 137
557 101
565 65
581 50.5
597 36
}
