n_points: 66 {
665.136 52.5921
697.619 63.4199
737.837 86.6224
773.414 116.012
791.202 132.254
808.991 148.495
836.834 185.619
849.208 209.595
861.583 233.571
867.77 256.774
873.958 279.976
877.052 309.365
880.145 338.755
885.559 366.598
890.973 394.441
892.519 423.831
894.066 453.221
895.613 478.744
897.16 504.266
897.16 537.523
897.16 570.779
901.801 595.529
906.441 620.278
911.082 652.762
915.722 685.245
923.456 717.728
931.19 750.211
933.511 779.601
935.831 808.991
935.058 834.514
934.284 860.036
931.19 903.347
925.003 928.096
918.816 952.846
900.254 911.082
881.692 869.317
853.849 839.927
819.819 829.1
790.429 824.459
757.946 812.085
767.227 779.601
781.148 747.118
784.242 711.541
771.867 668.23
756.399 632.653
741.704 611.771
727.009 590.888
700.713 556.858
668.23 525.921
638.84 490.344
620.278 456.314
615.637 419.19
615.298 383.251
625.778 342.83
625.778 314.386
624.918 286.163
626.465 262.961
615.637 242.852
595.529 227.384
575.42 222.743
573.873 196.447
572.326 170.151
573.873 126.84
580.06 83.5287
600.942 71.9275
621.825 60.3263
}
