n_points: 66 {
665.136 89.716
687.565 98.2235
709.994 106.731
742.477 129.934
764.133 154.683
785.789 185.619
815.178 222.743
826.779 243.625
838.381 264.508
846.889 290.03
855.396 315.553
861.583 338.755
867.77 361.958
870.864 385.933
873.958 409.909
878.599 436.978
883.239 464.048
886.332 497.305
889.426 530.562
895.614 560.725
901.801 590.888
909.535 615.638
917.269 640.387
921.136 672.097
925.003 703.807
928.87 732.423
932.737 761.039
935.058 787.335
937.378 813.631
935.831 856.943
935.831 895.613
914.175 870.864
897.16 843.021
867.77 822.912
836.834 810.538
815.178 804.35
779.601 796.616
779.601 796.616
774.961 774.961
773.414 748.665
770.321 722.369
767.227 696.073
747.118 658.949
722.369 618.731
706.9 600.169
691.432 581.607
675.19 563.045
658.949 544.483
631.106 508.906
620.278 467.142
615.637 430.018
617.184 395.988
617.184 368.145
616.795 350.316
612.544 326.381
620.278 298.538
618.731 270.695
604.81 242.852
581.607 224.29
555.311 221.196
554.538 197.221
553.764 173.245
561.498 134.574
584.701 106.731
612.544 95.9033
638.84 92.8097
}
