n_points: 66 {
687 88
708.19 98
729.381 108
750.572 117.381
771.762 126.762
792.952 141.952
814.143 157.143
830.333 177.834
846.524 198.524
857.762 219.714
869 240.905
877 262.096
885 283.286
890.5 304.476
896 325.667
900.024 346.857
904.048 368.048
908.738 389.238
913.429 410.429
917 452.81
920 495.19
922 537.571
924 579.952
926 622.333
928.714 664.714
933.357 685.905
938 707.095
941.5 728.285
945 749.476
949 791.857
951 834.238
954 855.428
957 876.619
959 919
939 886
916 853
888 824
855 808
822 793
789 783
787 746.231
782.462 709.462
773 672.692
756.923 635.923
743.038 617.538
729.154 599.154
717.577 580.769
706 562.385
694.5 544
683 525.615
671.923 507.231
660.846 488.846
643.077 452.077
638 415.308
640 378.538
643 341.769
648 305
658 278.25
647.5 251.5
620.75 231
594 226
589 192.667
588 159.333
591 126
620.333 101
653.667 87
}
