n_points:  50
{
   656 57 
   699.762 73 
   743.524 99.5238 
   780.286 142.286 
   803 186.048 
   815 229.81 
   823 273.571 
   829 317.333 
   834 361.095 
   832 404.857 
   830 448.619 
   829.381 492.381 
   832 536.143 
   839.905 579.905 
   848 623.667 
   858 667.429 
   869 711.19 
   883.952 754.952 
   893 798.714 
   892 842.476 
   886 886.238 
   871 930 
   834.667 898 
   798.333 871.333 
   762 846 
   725.667 826.667 
   689.333 818 
   653 812 
   693.692 802 
   734.385 773.615 
   736 732.923 
   735 692.231 
   723.538 651.538 
   701.846 610.846 
   671.154 570.154 
   633.462 529.462 
   602 488.769 
   584 448.077 
   577.385 407.385 
   571.692 366.692 
   575 326 
   594 296.25 
   593 266.5 
   578.75 237.75 
   549 220 
   545 181.667 
   543 143.333 
   552 105 
   579.333 74 
   617.667 61 
}
