n_points:  50
{
   657 94 
   695.952 98 
   734.905 119 
   773.857 153.857 
   804.81 192.81 
   818 231.762 
   824.714 270.714 
   829 309.667 
   833 348.619 
   838 387.571 
   843 426.524 
   848 465.476 
   852 504.429 
   855 543.381 
   859 582.333 
   863 621.286 
   868 660.238 
   873 699.19 
   880 738.143 
   882 777.095 
   877.952 816.048 
   866 855 
   852 821.167 
   834.333 787.333 
   802.5 765.5 
   768.667 753.667 
   734.833 747 
   701 747 
   730.154 721.846 
   742 690.692 
   746 659.538 
   737 628.385 
   722 597.231 
   705.077 566.077 
   687 534.923 
   667.769 503.769 
   651 472.615 
   633 441.462 
   617 410.308 
   607 379.154 
   596 348 
   604.75 320.25 
   613.5 292.5 
   601.75 265 
   574 244 
   572.667 211.667 
   575 179.333 
   580 147 
   592.333 116 
   624.667 99 
}
