n_points: 66 {
629.559 89.716
663.589 97.4501
691.432 111.372
710.767 123.746
730.103 136.121
745.571 156.23
761.039 176.338
782.695 213.462
791.976 238.212
801.257 262.961
810.538 303.178
815.178 324.833
819.819 346.489
824.459 373.558
829.1 400.628
830.647 429.245
832.193 457.861
832.966 485.704
833.74 513.547
838.38 541.39
843.021 569.233
849.208 607.13
855.396 645.027
857.716 672.87
860.036 700.713
860.809 726.236
861.583 751.758
855.396 790.429
844.568 829.1
830.647 864.677
823.686 843.794
816.725 822.912
804.35 785.789
794.296 764.907
784.242 744.024
754.852 720.822
720.822 711.541
747.118 692.979
761.039 669.776
761.039 645.027
740.931 612.544
719.275 576.967
692.979 542.937
678.284 523.601
663.589 504.266
646.574 487.251
629.559 470.236
614.864 453.994
600.169 437.752
594.755 416.096
589.341 394.441
580.865 353.31
579.368 318.877
579.368 318.877
584.701 284.616
575.42 264.508
555.311 249.039
538.296 247.492
524.375 247.492
521.281 223.517
518.187 199.541
522.827 174.791
527.468 150.042
550.671 116.012
583.154 92.8097
606.356 91.2629
}
