n_points: 66 {
679 93
699.952 98.5
720.905 104
741.857 118.405
762.81 132.81
780.405 153.262
798 173.714
807 194.666
816 215.619
823 236.572
830 257.524
834.5 278.476
839 299.429
844 341.333
849 383.238
854.143 425.143
857.572 446.096
861 467.048
865 508.952
869 550.857
872.381 571.809
875.762 592.762
879.381 613.715
883 634.667
887 655.619
891 676.571
894.5 697.524
898 718.476
901 739.428
904 760.381
905 802.286
901.81 844.19
899 886.095
896 907.048
893 928
879 893.833
871.667 859.667
857.5 825.5
827.333 798.333
793.167 781
759 780
746 746.154
733 712.308
713.462 678.462
700.038 662.038
686.615 645.615
669.692 629.808
652.769 614
629.923 580.923
623 547.077
626 513.231
625 479.385
621 445.538
614 411.692
609.846 377.846
606 344
603 319.25
605 294.5
593 269.75
569 249
571 213.667
574 178.333
584 143
596.167 125.334
608.333 107.667
643.667 93
}
