n_points:  50
{
   679 90 
   719 100 
   759 126 
   797 159 
   824 199 
   842 239 
   857 279 
   868 319 
   877 359 
   885 399 
   889 439 
   892 479 
   893 519 
   893 559 
   897 599 
   899 639 
   901 679 
   901 719 
   895 759 
   891 799 
   884 839 
   874 879 
   865 853 
   853 827 
   837 802 
   811 782 
   785 770 
   759 764 
   745 731.385 
   739 698.769 
   733 666.154 
   724.538 633.538 
   713 600.923 
   698.308 568.308 
   674.692 535.692 
   660 503.077 
   649 470.462 
   641 437.846 
   634 405.231 
   623.615 372.615 
   617 340 
   623 317.75 
   628 295.5 
   621.25 273.25 
   599 257 
   597 222.667 
   596 188.333 
   596 154 
   610.333 120.667 
   644.667 99 
}
