n_points: 66 {
641.934 140.761
662.043 144.628
682.151 148.495
700.713 157.776
719.275 167.057
747.118 194.9
765.68 222.743
780.375 241.305
795.07 259.867
800.484 281.523
805.897 303.178
809.764 324.833
813.632 346.489
822.913 383.613
827.553 407.589
832.194 431.565
834.514 456.314
836.834 481.063
839.154 507.359
841.474 533.656
844.568 557.631
847.662 581.607
851.529 607.13
855.396 632.653
860.81 659.723
866.224 686.792
870.865 707.674
875.505 728.556
877.052 761.039
877.052 793.523
873.958 824.459
869.317 841.474
853.849 815.178
839.928 791.976
813.632 768.773
787.336 756.399
761.039 750.211
731.65 750.211
742.477 728.556
747.118 705.353
744.024 677.511
733.196 643.48
706.9 615.637
692.206 595.528
677.511 575.42
661.269 559.951
645.027 544.483
631.106 529.788
617.184 515.094
600.169 493.438
606.366 462.596
604.869 428.164
600.377 395.228
600.377 377.263
601.875 351.813
600.377 326.363
589.342 309.366
575.42 295.444
559.952 286.163
546.03 284.616
549.124 261.413
552.218 238.211
557.631 211.915
563.045 185.619
583.154 151.589
609.45 140.761
}
