n_points:  50
{
   679 94 
   720.524 112.524 
   760.048 147.048 
   794.571 188.571 
   824 230.095 
   836.619 271.619 
   848 313.143 
   856 354.667 
   863 396.19 
   868 437.714 
   873 479.238 
   879 520.762 
   880 562.286 
   883 603.81 
   889 645.333 
   896 686.857 
   906 728.381 
   912 769.905 
   916 811.429 
   917 852.952 
   919 894.476 
   916 936 
   894.167 904 
   861.333 883 
   828.5 866 
   795.667 854 
   762.833 846 
   730 841 
   739 808.538 
   740.077 776.077 
   735.615 743.615 
   716.154 711.154 
   695.692 678.692 
   664.231 648.231 
   638.769 615.769 
   615.308 583.308 
   613 550.846 
   609 518.385 
   603 485.923 
   600 453.462 
   597 421 
   612 386 
   611 351 
   583 323 
   548 322 
   549 275.833 
   558 229.667 
   575 183.5 
   593.667 137.333 
   632.833 101.167 
}
