n_points: 66 {
646.027 62.4199
672.323 73.2477
688.565 80.9818
704.807 88.716
722.596 97.997
740.384 107.278
765.133 130.48
777.507 143.628
789.882 156.776
803.803 172.245
817.725 187.713
827.779 204.728
837.834 221.743
842.475 241.852
847.115 261.961
850.982 280.523
854.849 299.085
855.622 319.193
856.396 339.302
858.716 359.411
861.036 379.52
861.036 398.855
861.036 418.19
864.903 438.299
868.77 458.408
871.864 480.837
874.958 503.266
875.731 525.695
876.505 548.124
878.825 569.779
881.145 591.435
882.692 614.637
874.958 639.387
862.583 623.918
844.021 605.357
816.178 592.982
802.257 592.982
793.523 572.326
787.335 555.311
772.867 526.468
759.219 513.82
745.571 501.172
726.462 484.704
708.673 477.743
690.885 470.782
666.136 450.674
650.168 430.291
634.199 409.909
635 386
640 355
638.84 332.568
640 307
638 282
638 258
629.012 234.118
610.45 212.462
588.795 204.728
562.498 203.181
561.725 185.393
560.952 167.604
559.405 150.589
557.858 133.574
565.592 102.637
581.06 77.8882
605.81 60.8731
621.278 60.8731
}
