n_points:  50
{
   645 113 
   683.381 132 
   721.762 152.762 
   760.143 186 
   791.524 221.524 
   814 259.905 
   832.286 298.286 
   842.667 336.667 
   848 375.048 
   851 413.429 
   855 451.81 
   852.81 490.19 
   850 528.571 
   848 566.952 
   844 605.333 
   842 643.714 
   844.095 682.095 
   853 720.476 
   861 758.857 
   863 797.238 
   862 835.619 
   858 874 
   843.167 850.167 
   826 826.333 
   809.5 802.5 
   785.667 783.667 
   761.833 768.833 
   738 761 
   736 729.923 
   732 698.846 
   721 667.769 
   709.692 636.692 
   695 605.615 
   676.538 574.538 
   653.462 543.462 
   628.385 512.385 
   608 481.308 
   606 450.231 
   608 419.154 
   609 388.077 
   599 357 
   616 323.25 
   620 289.5 
   604.75 257 
   571 243 
   568 213.5 
   568 184 
   569 154.5 
   586 125 
   615.5 116.5 
}
