n_points:  47
{
   688.338 75.7946 
   731.65 94.3565 
   761.039 114.465 
   798.163 136.121 
   826.006 167.057 
   843.021 205.728 
   858.489 244.399 
   869.317 286.163 
   875.505 334.115 
   877.051 389.801 
   883.239 439.299 
   886.332 484.157 
   894.066 547.577 
   898.707 606.357 
   903.347 685.245 
   914.175 740.931 
   917.269 791.976 
   917.269 839.927 
   912.628 883.239 
   906.441 920.363 
   887.879 892.52 
   869.317 864.677 
   846.115 838.381 
   824.459 821.366 
   796.616 815.178 
   745.571 804.35 
   770.32 790.429 
   779.601 759.492 
   768.773 722.369 
   747.118 675.964 
   730.103 637.293 
   709.994 593.982 
   682.151 549.124 
   648.121 504.266 
   623.372 464.048 
   617.184 426.924 
   604.81 372.785 
   614.091 341.849 
   614.091 309.366 
   601.716 286.163 
   589.341 276.882 
   587.795 245.946 
   592.435 199.541 
   600.169 153.136 
   607.903 112.918 
   632.653 85.0755 
   663.589 77.3414 
}
