n_points: 66 {
655.855 41.7644
683.698 49.4985
711.541 61.8731
736.29 78.8882
757.946 100.544
781.148 128.387
798.163 151.589
816.725 176.338
836.834 204.181
847.661 223.517
858.489 242.852
875.505 279.976
881.692 300.084
887.879 320.193
891.746 340.302
895.613 360.411
898.707 383.613
901.801 406.816
901.801 433.112
901.801 459.408
904.895 484.157
907.988 508.906
913.402 532.109
918.816 555.311
921.909 579.287
925.003 603.263
926.55 638.84
929.643 663.589
932.737 688.338
936.604 709.22
940.471 730.103
943.565 768.773
942.018 801.257
912.628 802.804
878.598 801.257
847.662 791.976
818.272 781.148
813.631 742.477
813.631 716.181
802.804 689.885
787.335 655.855
764.133 624.918
736.29 598.622
723.142 580.833
709.994 563.045
683.698 542.937
671.323 505.813
666.683 483.384
662.042 460.955
659.722 433.112
657.402 405.269
656.629 382.84
655.855 360.411
651.214 323.287
651.214 298.538
637.293 266.054
615.637 244.399
597.076 230.477
580.06 228.931
578.514 204.955
576.967 180.979
576.967 157.003
576.967 133.027
578.514 94.3565
593.982 66.5136
617.184 51.0453
}
