n_points: 66 {
652.761 91.2628
677.511 102.091
699.166 114.465
719.275 131.48
747.118 154.683
770.32 173.245
791.976 194.9
808.991 222.743
818.272 250.586
832.193 281.523
839.928 300.858
847.662 320.193
855.396 357.317
859.263 380.519
863.13 403.722
866.997 424.604
870.864 445.486
873.185 466.368
875.505 487.251
879.372 512.774
883.239 538.296
887.106 558.405
890.973 578.514
895.613 618.731
896.387 641.16
897.16 663.589
903.347 702.26
912.628 739.384
915.722 759.493
918.816 779.601
920.363 815.178
914.949 836.833
909.535 858.489
900.254 839.154
890.973 819.819
876.278 804.351
861.583 788.882
836.834 767.227
805.897 745.571
781.148 736.29
756.399 727.009
756.399 692.979
753.305 672.87
747.118 640.387
728.556 610.997
711.541 578.514
688.338 547.577
677 518
668 487
669 458
665 418
662 396.5
659 375
652 335
652 309
647 286
637.293 256.773
621.825 241.305
604.81 232.024
587.795 232.024
581.607 202.634
581.607 173.245
584.701 136.121
593.982 108.278
614.091 92.8097
635.746 89.716
}
