n_points: 66 {
654.222 66.8713
678.175 80.345
708.117 98.3099
729.824 110.286
751.532 122.263
778.48 149.211
796.444 179.152
811.415 210.591
824.889 243.526
832.374 279.456
838.363 315.386
841.357 343.082
844.351 370.778
849.591 395.48
854.83 420.181
857.824 447.129
860.819 474.076
862.316 500.275
863.813 526.474
868.304 549.678
872.795 572.883
875.789 598.333
878.784 623.784
881.029 650.731
883.275 677.678
887.017 705.374
890.76 733.07
897.497 754.778
904.234 776.485
904.234 816.906
899.743 840.86
895.251 864.813
885.52 886.52
875.789 908.228
871.298 882.778
851.836 857.328
827.883 839.363
805.427 825.889
769 815
773 788
772.491 763.012
771 733
763 703
740 673
721 648
694 615
670 589
653 567
632 540
629 514.5
626 489
625 454
622 421
620 394
618 359
617 333
617 311
610.807 282.45
597.333 257
574.877 240.532
565.895 215.082
571.883 182.146
570.386 144.719
573.38 107.292
594.339 83.3392
624.281 71.3626
}
