n_points:  50
{
   702 68 
   749 81 
   786 120 
   832 158 
   869 205 
   886 252 
   904 299 
   912 346 
   918 393 
   921 440 
   923 487 
   927 534 
   933 581 
   939 628 
   945 675 
   950 722 
   951 769 
   953 816 
   957 863 
   956 910 
   953 957 
   939 1004 
   924.333 996 
   909.667 987.667 
   895 979 
   880.333 971.333 
   865.667 964 
   851 957 
   836 912.077 
   834 867.154 
   832 822.231 
   814.308 777.308 
   778.385 732.385 
   741.462 687.462 
   706.538 642.538 
   685.615 597.615 
   665.692 552.692 
   662 507.769 
   661 462.846 
   663.077 417.923 
   671 373 
   678 328 
   672 283 
   637 247 
   592 254 
   589 212.667 
   589 171.333 
   594 130 
   619.333 90.6666 
   660.667 70.3334 
}
