n_points: 66 {
695 68
730.286 77
747.143 89.2855
764 101.571
780.428 115.785
796.857 130
812.5 146.572
828.143 163.143
839.072 180.786
850 198.429
859.714 233.714
865.357 251.357
871 269
876.5 286.643
882 304.286
892 339.571
900.857 374.857
909 410.143
918 445.429
926.714 480.714
932 516
938 551.286
943 586.571
947 621.857
951 657.143
954 692.429
954 727.714
948 745.357
942 763
935.833 744.833
929.667 726.667
914.5 709.5
899.333 692.333
883.167 675.667
867 659
849.333 651.833
831.667 644.667
795.333 643
759 647
789.154 638
809.308 612.692
807 582.538
799.385 552.385
783 522.231
770.038 507.654
757.077 493.077
742.5 479.5
727.923 465.923
713.346 450.846
698.769 435.769
683.692 422.192
668.615 408.615
650.462 379.462
644 349.308
642 319.154
642 289
644 260.5
639 232
614.5 214
586 210
584 176.333
587 142.667
599 109
613.333 96
627.667 83
661.333 71
}
