n_points: 66 {
653 72
675.405 77.9048
697.81 83.8095
720.215 100.214
742.619 116.619
764.524 137.024
786.429 157.429
801.833 179.834
817.238 202.238
826.143 224.643
835.048 247.048
843.024 269.452
851 291.857
855.5 314.262
860 336.667
863 381.476
866.5 403.881
870 426.286
874 471.095
876.952 493.5
879.905 515.905
883.452 538.31
887 560.714
891 605.524
892 650.333
895 695.143
899 739.952
902 762.357
905 784.762
906 829.571
902 874.381
897 896.785
892 919.19
884 941.595
876 964
865 934.667
849 905.333
825 876
795.667 859
766.333 853
737 850
737 813.769
739 777.538
735 741.308
725.077 705.077
708.846 668.846
693 632.615
674.385 596.385
648.154 560.154
622 523.923
602.692 487.692
595 451.462
591 415.231
581 379
589 350.5
600 322
595.5 293.5
570 284
561.5 262.5
553 241
547 198
549 155
559.5 133.5
570 112
590 94
610 76
}
