n_points: 66 {
672.87 85.0755
705.353 89.716
731.65 103.637
753.305 120.653
770.32 137.668
788.882 151.589
808.991 179.432
818.272 211.915
823.686 230.477
829.1 249.039
832.967 273.788
836.834 298.538
839.928 319.42
843.021 340.302
844.568 365.052
846.115 389.801
849.208 416.097
852.302 442.393
853.849 469.462
855.396 496.532
856.942 521.281
858.489 546.03
863.13 573.873
867.77 601.716
870.864 628.012
873.958 654.308
876.278 679.058
878.598 703.807
881.692 724.689
884.786 745.571
881.692 779.601
863.904 767.226
846.115 754.852
826.006 739.384
822.912 716.955
819.819 694.526
816.725 663.589
812.084 638.84
807.444 614.091
795.843 596.303
784.242 578.514
772.64 564.592
761.039 550.671
737.837 532.109
719.275 502.719
705.353 485.704
691.432 468.689
682.925 447.807
674.417 426.924
665.136 406.042
655.855 385.16
648.121 365.825
640.387 346.489
631.106 321.74
638.84 295.444
641.934 269.148
637.293 241.305
620.278 222.743
600.169 215.009
583.154 210.369
581.607 190.26
580.06 170.151
589.341 139.215
607.903 108.278
628.012 92.8097
649.668 85.0755
}
