n_points: 66 {
643 136
661.881 142.881
680.762 149.762
699.643 160.381
718.524 171
737.405 182.643
756.286 194.286
773.643 210.667
791 227.048
800.5 245.929
810 264.81
815.5 283.691
821 302.571
824.5 321.452
828 340.333
833 359.214
838 378.095
844.857 415.857
850.619 453.619
857 491.381
860.5 510.262
864 529.143
869 566.905
872 604.667
876 642.429
882 680.19
888.952 717.952
895.333 736.833
901.714 755.714
909.357 774.595
917 793.476
923 831.238
919 869
892.667 844.667
866.333 826.333
840 809
813.667 793.667
787.333 787
761 783
751 750.462
740.5 734.192
730 717.923
710.385 685.385
691 652.846
678.154 636.577
665.308 620.308
650.654 604.038
636 587.769
620 555.231
617 522.692
617 490.154
618 457.615
618 425.077
616 392.538
610 360
603.25 336.25
585.5 314
561.75 303
538 297
537 261
539 225
547 189
559 171
571 153
589 145.5
607 138
}
