n_points:  49
{
   679.057 57.2326 
   716.181 66.5136 
   747.118 85.0755 
   770.32 123.746 
   801.257 143.855 
   830.647 170.151 
   849.208 204.181 
   860.036 244.399 
   870.864 281.523 
   878.598 337.208 
   887.879 402.175 
   894.066 459.408 
   895.613 522.828 
   892.52 581.607 
   895.613 645.027 
   889.426 699.166 
   897.16 750.211 
   900.254 810.538 
   897.16 870.864 
   881.692 917.269 
   869.317 877.051 
   844.568 846.115 
   819.819 819.819 
   785.789 798.163 
   737.837 785.789 
   725.462 784.242 
   734.743 757.946 
   740.931 725.462 
   742.477 689.885 
   731.65 658.949 
   719.275 631.106 
   702.26 597.076 
   691.432 564.592 
   677.511 525.921 
   660.495 491.891 
   645.027 454.767 
   631.106 416.097 
   628.012 383.613 
   632.653 351.13 
   632.653 314.006 
   635.746 289.257 
   634.199 259.867 
   621.825 241.305 
   604.81 230.477 
   601.716 188.713 
   601.716 140.761 
   598.622 100.544 
   614.091 78.8882 
   645.027 60.3263 
}
