n_points: 66 {
693 82
736.81 95.8095
776.619 129.619
794.524 151.524
812.429 173.429
826.833 195.334
841.238 217.238
856 261.048
865 304.857
876 348.667
882 392.476
882 436.286
881 480.095
884 523.905
892 567.714
899 611.524
913.333 655.333
930 699.143
944 742.952
956 786.762
961 830.571
963.381 874.381
965 918.19
954 962
932.083 933.083
910.167 904.167
883.25 876.75
856.333 849.333
827.417 829.667
798.5 810
769.583 807
740.667 804
711.75 805
682.833 806
653.917 802
625 798
660.846 770
710.692 765
760.538 756.462
785.462 747.731
810.385 739
830.192 718.885
850 698.769
864 648.923
856.038 624
848.077 599.077
824.654 576.154
801.231 553.231
776.308 538.115
751.385 523
726.462 506.269
701.538 489.538
682.615 464.615
663.692 439.692
649.269 414.769
634.846 389.846
632 340
637 302.5
637 265
609.5 232.5
572 229
577 196.167
583 163.333
598.5 130.5
627.333 99.6667
660.167 83
}
