n_points:  50
{
   716 104 
   758.381 119.381 
   800.762 150 
   835 190.143 
   853.524 232.524 
   863.905 274.905 
   873.286 317.286 
   878 359.667 
   885.048 402.048 
   891 444.429 
   893 486.81 
   894 529.19 
   894 571.571 
   897 613.952 
   904 656.333 
   911 698.714 
   919.095 741.095 
   928 783.476 
   934 825.857 
   934 868.238 
   932 910.619 
   923 953 
   906 918.333 
   884.667 884.667 
   850 859 
   815.333 845 
   780.667 830 
   746 824 
   749.846 785.154 
   755 746.308 
   750 707.462 
   740 668.615 
   718 629.769 
   697.923 590.923 
   680.077 552.077 
   670 513.231 
   667 474.385 
   665 435.538 
   660 396.692 
   657 357.846 
   656 319 
   664 283.75 
   662 248.5 
   649.25 213.25 
   617 187 
   614.5 162.5 
   623 138 
   642.5 119.5 
   667 108 
   691.5 102 
}
