n_points:  50
{
   653 34 
   688.714 42 
   724.429 62.4286 
   760 95.1429 
   788.857 130.857 
   810 166.571 
   827.286 202.286 
   842 238 
   852.714 273.714 
   862.429 309.429 
   873 345.143 
   881 380.857 
   887 416.571 
   891 452.286 
   896 488 
   901.714 523.714 
   905 559.429 
   909 595.143 
   912 630.857 
   910 666.571 
   913 702.286 
   908 738 
   894.333 708.333 
   877.667 678.667 
   850 654 
   820.333 638.333 
   790.667 630 
   761 623 
   760 596 
   764 569 
   762 542 
   752 515 
   737 488 
   725 461 
   706 434 
   685 407 
   665 380 
   648 353 
   638 326 
   631 299 
   622 272 
   626 246.5 
   628 221 
   619.5 195.5 
   597 172 
   591 142.167 
   588 112.333 
   588 82.5 
   596 52.6666 
   623.167 39 
}
