n_points: 66 {
640.387 80.435
677.511 88.1692
713.088 109.825
730.876 125.293
748.665 140.761
778.054 174.792
791.976 199.541
805.897 224.29
812.858 248.266
819.819 272.242
830.647 315.553
843.021 357.317
855.396 399.082
861.583 428.471
867.77 457.861
872.41 486.478
877.051 515.094
884.785 544.484
892.52 573.873
901.027 600.942
909.535 628.012
914.949 651.988
920.363 675.964
926.55 717.728
925.003 759.492
915.722 795.069
904.894 836.834
894.066 869.317
878.598 858.489
852.302 833.74
835.287 798.163
801.257 778.054
764.133 771.867
720.822 765.68
686.792 762.586
649.668 759.492
621.825 754.852
592.435 742.477
570.779 736.29
602.489 731.649
634.199 727.009
656.628 715.408
679.057 703.807
701.486 691.432
723.915 679.057
722.369 645.027
714.634 610.997
702.26 581.607
683.698 555.311
662.042 519.734
635.746 485.704
610.997 456.314
587.795 425.378
576.967 392.894
566.139 360.411
558.405 334.115
567.686 304.725
564.592 272.242
552.218 258.32
527.468 244.399
526.695 220.423
525.921 196.447
527.468 153.136
541.39 120.653
572.326 92.8097
603.263 83.5287
}
