n_points: 66 {
648 125
669.215 132.714
690.429 140.429
711.643 155.214
732.857 170
752.928 188.643
773 207.286
786.357 228.5
799.714 249.714
808.428 270.928
817.143 292.143
823.572 313.357
830 334.571
833 355.786
836 377
839 419.429
844 461.857
847 483.072
850 504.286
855 546.714
859 589.143
863 631.571
865.5 652.785
868 674
873 716.429
876.5 737.643
880 758.857
885 801.286
887 843.714
884 886.143
879.715 907.357
875.429 928.571
870.715 949.785
866 971
854 940.5
838 910
813.5 881.5
783 865
752.5 855
722 852
738 814.077
734.154 776.154
723 738.231
709 719.269
695 700.308
681.192 681.346
667.385 662.385
654.192 643.423
641 624.462
629 605.5
617 586.538
599 548.615
588 510.692
588 472.769
585.154 434.846
591 396.923
599 359
602 325.25
595.5 291.5
568.75 267
535 260
535 228.5
539 197
555.5 165.5
585 143
616.5 133
}
