n_points: 66 {
663.042 120.106
686.245 124.746
704.807 135.574
724.915 146.402
745.024 161.87
766.68 172.698
785.242 186.619
805.35 206.728
822.366 225.29
834.74 245.399
848.662 277.882
859.489 311.912
864.903 334.341
870.317 356.77
878.051 393.894
882.692 429.471
887.332 454.221
891.973 478.97
901.254 517.641
907.441 536.976
913.628 556.311
917.495 577.966
921.363 599.622
928.323 622.824
935.284 646.027
943.018 681.604
952.299 717.181
961.58 751.211
964.674 772.867
963.127 797.616
961.58 817.725
955.393 831.647
946.112 806.897
926.003 777.508
898.16 755.852
870.317 743.477
837.834 731.103
802.257 720.275
769.773 712.541
746.571 704.807
740.384 675.417
731.103 647.574
712.541 622.825
684.698 594.982
663.042 574.873
649.668 555.311
630 528
632 501
638 466
638.5 444.5
639 423
639 388
640 361
636.746 330.474
622.825 307.272
602.716 296.444
577.967 291.804
559.405 291.804
558.631 270.148
557.858 248.492
559.405 219.103
562.498 198.221
565.592 177.338
585.701 149.495
613.544 134.027
636.746 124.746
}
