n_points:  50
{
   710 111 
   744.048 125 
   778.095 148.095 
   812.143 178.143 
   846.19 210.19 
   868 244.238 
   875.286 278.286 
   883 312.333 
   889.381 346.381 
   893 380.429 
   896 414.476 
   897 448.524 
   899 482.571 
   902 516.619 
   904.667 550.667 
   904 584.714 
   904.762 618.762 
   909 652.81 
   915 686.857 
   920 720.905 
   925 754.952 
   927 789 
   896.833 759.833 
   863.667 736 
   829.5 722 
   795.333 719 
   761.167 720 
   727 721 
   719 693.154 
   712.308 665.308 
   698.462 637.462 
   684 609.615 
   669 581.769 
   651.923 553.923 
   633.077 526.077 
   620.231 498.231 
   610.385 470.385 
   610 442.538 
   613 414.692 
   616 386.846 
   617 359 
   631 331.5 
   634 304 
   619.5 279.5 
   592 272 
   596 236.667 
   600 201.333 
   617 166 
   640.333 130.667 
   674.667 116 
}
