n_points: 66 {
703.807 89.716
727.009 92.8097
748.665 109.825
768.773 128.387
796.616 145.402
816.725 165.511
835.287 191.807
850.755 215.009
866.224 252.133
873.958 284.616
878.598 321.74
880.145 355.77
878.598 399.082
878.598 426.924
878.598 454.767
878.598 479.517
878.598 504.266
877.824 528.242
877.051 552.218
877.824 574.647
878.598 597.076
879.371 620.278
880.145 643.48
880.918 665.909
881.692 688.338
883.239 723.915
884.786 756.399
884.786 793.523
881.692 835.287
875.505 873.958
869.317 904.894
855.396 943.565
847.662 918.816
841.474 892.52
826.006 861.583
799.71 841.474
774.961 829.1
747.118 816.725
756.399 784.242
762.586 753.305
765.68 717.728
762.586 679.057
753.305 635.746
734.743 601.716
720.048 581.607
705.353 561.498
686.792 530.562
663.589 498.079
648.121 462.501
643.481 439.299
638.84 416.097
637.293 382.066
638.84 338.755
651.214 323.287
658.949 306.272
662.042 283.069
655.855 258.32
637.293 245.946
620.278 241.305
606.357 236.665
604.81 213.462
610.997 176.338
617.184 150.042
624.918 123.746
645.027 102.091
674.417 89.716
}
