n_points:  47
{
   716.181 66.5136 
   754.852 80.435 
   784.242 100.544 
   812.085 125.293 
   836.834 157.776 
   864.677 194.9 
   880.145 247.492 
   887.879 295.444 
   894.066 344.943 
   895.613 394.441 
   889.426 459.408 
   889.426 507.36 
   889.426 563.045 
   892.52 615.637 
   903.347 674.417 
   907.988 713.088 
   904.894 742.477 
   892.52 727.009 
   869.317 709.994 
   847.662 697.619 
   826.006 688.338 
   835.287 668.23 
   841.474 645.027 
   836.834 612.544 
   827.553 583.154 
   802.804 550.671 
   776.508 521.281 
   751.758 494.985 
   727.009 474.876 
   700.713 454.767 
   677.511 425.378 
   655.855 400.628 
   643.48 371.239 
   637.293 343.396 
   638.84 310.912 
   652.761 287.71 
   660.495 269.148 
   665.136 245.946 
   655.855 222.743 
   638.84 210.369 
   617.184 207.275 
   603.263 207.275 
   607.903 163.964 
   617.184 125.293 
   634.199 94.3565 
   660.495 75.7946 
   685.245 68.0604 
}
