n_points:  47
{
   696.073 51.0453 
   722.369 60.3263 
   751.758 72.7009 
   784.242 95.9033 
   815.178 116.012 
   843.021 140.761 
   869.317 174.792 
   894.066 208.822 
   906.441 245.946 
   918.816 287.71 
   932.737 343.396 
   951.299 403.722 
   966.767 459.408 
   977.595 522.828 
   977.595 581.607 
   980.689 641.934 
   982.236 703.807 
   980.689 748.665 
   977.595 805.897 
   971.408 847.662 
   963.674 873.958 
   951.299 849.208 
   938.924 818.272 
   918.816 785.789 
   890.973 764.133 
   861.583 751.758 
   818.272 747.118 
   821.366 713.088 
   822.912 675.964 
   816.725 640.387 
   801.257 606.357 
   781.148 570.779 
   761.039 544.483 
   737.837 510.453 
   714.634 473.329 
   703.807 430.018 
   702.26 395.988 
   697.619 349.583 
   696.073 318.647 
   683.698 278.429 
   663.589 253.68 
   643.48 241.305 
   631.106 207.275 
   626.465 162.417 
   628.012 123.746 
   632.653 83.5287 
   654.308 54.139 
}
