n_points:  50
{
   628 71 
   671.286 81.2857 
   712.571 118.571 
   751.857 160.857 
   783.143 204.143 
   807 247.429 
   822.714 290.714 
   831 334 
   837 377.286 
   841 420.571 
   846 463.857 
   853 507.143 
   860.429 550.429 
   867 593.714 
   870 637 
   876 680.286 
   880 723.571 
   882 766.857 
   883 810.143 
   883 853.429 
   874 896.714 
   858 940 
   828.833 906.833 
   794.667 880 
   759.5 868.5 
   724.333 852 
   689.167 839.167 
   654 826 
   674 787.769 
   678 749.538 
   665 711.308 
   650 673.077 
   634 634.846 
   612.615 596.615 
   599.385 558.385 
   590.154 520.154 
   576.923 481.923 
   576 443.692 
   579 405.462 
   579 367.231 
   585 329 
   588 301.25 
   585.5 273.5 
   571.75 246 
   544 235 
   543 197.333 
   542 159.667 
   541 122 
   555.667 84.3334 
   590.333 63 
}
