n_points: 66 {
658.949 81.9819
683.698 88.1692
708.447 95.9033
733.196 109.825
751.758 129.934
773.414 154.683
796.616 179.432
812.085 204.181
827.553 235.118
839.927 270.695
852.302 309.366
863.13 348.036
875.505 391.347
878.599 416.096
881.692 440.846
884.786 487.251
886.332 532.109
888.652 557.631
890.973 583.154
900.254 624.918
909.535 669.776
920.363 709.994
925.003 753.305
925.003 787.335
911.082 822.912
897.16 788.882
880.145 764.133
853.849 748.665
833.74 731.65
807.444 720.822
778.054 717.728
750.211 723.915
720.822 730.103
682.151 736.29
657.402 740.931
623.372 747.118
604.81 744.024
637.293 728.556
671.323 725.462
706.9 717.728
739.384 705.353
756.399 688.338
762.586 651.214
762.586 614.091
753.305 586.248
736.29 556.858
714.634 529.015
696.073 508.906
674.417 484.157
652.761 468.689
624.918 442.393
612 408
608 367
607 328
606 306
611 271
597.076 249.039
580.06 230.477
564.592 225.837
549.124 224.29
549.124 187.166
556.858 154.683
566.139 128.387
587.795 100.544
612.544 88.1692
637.293 81.9819
}
