n_points: 66 {
638.84 86.6224
669.776 98.997
699.166 114.465
720.822 129.934
747.118 150.042
767.227 176.338
776.508 194.126
785.789 211.915
796.616 242.852
808.991 267.601
815.178 301.631
818.272 335.662
821.365 354.997
824.459 374.332
829.1 409.909
831.42 430.018
833.74 450.127
836.834 487.251
836.834 525.921
836.834 546.803
836.834 567.686
836.834 588.568
836.834 609.45
838.381 648.121
846.115 679.057
848.435 699.166
850.755 719.275
851.529 740.157
852.302 761.039
850.755 788.882
844.568 811.311
838.381 833.74
826.006 802.804
810.538 778.054
791.976 761.039
778.054 747.118
781.148 716.181
779.601 689.885
776.508 660.495
768.773 632.653
756.399 606.357
739.384 580.06
720.822 552.218
697.619 522.828
684.471 508.133
671.323 493.438
649.668 465.595
637.293 449.354
624.918 433.112
615.638 416.097
606.357 399.082
592.435 372.785
584.701 348.036
587.795 320.193
580.06 290.804
570.779 275.335
552.218 266.054
549.898 245.945
547.577 225.837
547.577 203.408
547.577 180.979
549.124 160.87
550.671 140.761
561.498 109.825
586.248 94.3565
610.997 86.6224
}
