n_points:  50
{
   696 142 
   733.238 156.238 
   770.476 178.476 
   807.714 208.714 
   832 245.952 
   841 283.19 
   849 320.429 
   859 357.667 
   866 394.905 
   869 432.143 
   873 469.381 
   880 506.619 
   884 543.857 
   887 581.095 
   890 618.333 
   893.571 655.571 
   898 692.81 
   903 730.048 
   909 767.286 
   916 804.524 
   919 841.762 
   916 879 
   902.5 860.5 
   891 842 
   877.5 823.5 
   860 809 
   841.5 801 
   823 787 
   809 754.769 
   795 722.538 
   782.308 690.308 
   771 658.077 
   759 625.846 
   745.615 593.615 
   728.385 561.385 
   707.154 529.154 
   692 496.923 
   683 464.692 
   672 432.462 
   669 400.231 
   667 368 
   661 336.5 
   652 305 
   630.5 273.5 
   599 251 
   595 223.167 
   596 195.333 
   613.5 167.5 
   640.333 149.667 
   668.167 142 
}
