n_points:  50
{
   668 45 
   709.81 64 
   751.619 86.619 
   789.429 123.429 
   817 165.238 
   837 207.048 
   846 248.857 
   852 290.667 
   859 332.476 
   862 374.286 
   862 416.095 
   863 457.905 
   865 499.714 
   859 541.524 
   856 583.333 
   858 625.143 
   865 666.952 
   872.762 708.762 
   876 750.571 
   869 792.381 
   857 834.19 
   851 876 
   828.333 845.333 
   810 813.667 
   782 790 
   750.333 772 
   718.667 761.667 
   687 752 
   723.077 733.923 
   749 702.846 
   753 666.769 
   749 630.692 
   738 594.615 
   719 558.538 
   694.462 522.462 
   672 486.385 
   646.308 450.308 
   626.231 414.231 
   610.154 378.154 
   601 342.077 
   591 306 
   610 277 
   609 248 
   595 219 
   568 204 
   563 168 
   566 132 
   573 96 
   596 64 
   632 48 
}
