n_points:  50
{
   696 70 
   735.333 84 
   774.667 109.667 
   814 141 
   850 179.333 
   866 218.667 
   880 258 
   889 297.333 
   893 336.667 
   898 376 
   902 415.333 
   905 454.667 
   908 494 
   909 533.333 
   911 572.667 
   914 612 
   918 651.333 
   921 690.667 
   922 730 
   919 769.333 
   917 808.667 
   911 848 
   899 821.333 
   884 794.667 
   864 769 
   837.333 752.333 
   810.667 737 
   784 727 
   787 695.615 
   789 664.231 
   785.846 632.846 
   773.462 601.462 
   757.077 570.077 
   735.692 538.692 
   714.308 507.308 
   696.923 475.923 
   678 444.538 
   665.154 413.154 
   651 381.769 
   638 350.385 
   626 319 
   630.75 297.25 
   627 275.5 
   617.75 253.75 
   597 243 
   596 204.833 
   596 166.667 
   600 128.5 
   619.667 94 
   657.833 75 
}
