n_points: 66 {
666.683 81.9819
697.619 88.1692
719.275 102.091
744.024 122.199
768.773 143.855
788.882 162.417
805.897 188.713
818.272 219.65
822.912 250.586
829.1 289.257
833.74 327.927
835.287 368.145
836.834 390.574
838.381 413.003
838.381 450.127
838.381 474.876
838.381 499.625
839.928 521.281
841.474 542.937
841.474 565.366
841.474 587.795
849.208 624.918
853.075 646.574
856.943 668.23
866.224 706.9
875.505 744.024
875.505 776.508
872.411 804.35
872.411 832.193
866.224 856.943
849.208 827.553
827.553 804.35
804.35 787.335
771.867 773.414
768.773 742.477
771.867 716.181
768.773 680.604
753.305 649.668
733.196 615.637
723.915 597.075
714.634 578.514
702.26 561.498
689.885 544.483
677.51 525.921
665.136 507.36
654.308 489.571
643.48 471.782
631.106 437.752
621.052 414.549
610.997 391.347
600.169 361.958
595.529 341.849
600.169 314.006
604.81 290.804
598.622 269.148
583.154 255.227
555.311 253.68
554.538 232.798
553.764 211.915
553.764 191.033
553.764 170.151
556.858 146.175
559.952 122.199
587.795 102.091
618.731 85.0755
643.48 81.9819
}
