n_points: 66 {
700.713 117.559
730.103 125.293
756.399 137.668
788.882 160.87
821.366 190.26
843.021 225.837
856.943 258.32
873.958 293.897
884.786 332.568
897.16 378.973
901.801 423.831
904.121 448.58
906.441 473.329
909.534 498.852
912.628 524.375
914.175 553.764
915.722 583.154
916.495 613.317
917.269 643.48
920.362 671.323
923.456 699.166
924.23 725.462
925.003 751.758
928.097 799.71
923.456 844.568
921.136 870.091
918.816 895.613
912.628 938.924
903.347 962.9
894.066 986.876
853.849 963.674
827.553 946.659
799.71 934.284
771.867 928.097
744.024 921.909
779.601 894.066
801.257 870.864
810.538 833.74
808.991 795.069
805.897 759.492
790.429 722.369
776.508 691.432
756.399 658.949
733.196 634.199
708.447 609.45
682.151 586.248
666.683 566.139
662.042 522.828
661.269 497.305
660.495 471.782
658.949 434.659
661 406
662 383
662 362
662.042 341.849
658.949 323.287
646.574 304.725
628.012 293.897
607.903 289.257
584.701 289.257
583.154 242.852
584.701 201.088
593.982 165.511
610.997 146.175
628.012 126.84
663.589 114.465
}
