n_points: 66 {
654 84
673.095 89.5
692.19 95
711.285 109
730.381 123
748.976 140.786
767.571 158.571
778.785 177.666
790 196.762
799.476 215.857
808.952 234.952
814.476 254.047
820 273.143
824.5 292.238
829 311.333
835 349.524
839 387.714
844 425.905
847 464.095
850 502.286
851 540.476
855 578.667
859 616.857
864 655.048
871 693.238
875.715 712.333
880.429 731.429
884.024 750.524
887.619 769.619
889 807.81
882 846
874.5 826.083
867 806.167
851.667 786.25
836.333 766.333
818.417 749.667
800.5 733
780.583 729
760.667 725
740.75 726
720.833 727
700.917 728.5
681 730
702.692 699.308
720 668.615
712.923 636.923
700 605.231
685.538 573.538
670 541.846
651.154 510.154
632 478.462
616.769 446.769
602 415.077
592.385 383.385
588 351.692
586 320
593 294.5
589 269
571.5 248
546 234
544 201
550 168
561 135
574.5 120.5
588 106
621 91
}
