n_points: 66 {
662.042 54.139
689.885 60.3263
713.088 71.1541
737.837 80.435
767.227 102.091
790.429 129.934
802.03 146.949
813.631 163.964
823.686 185.62
833.74 207.275
841.474 228.93
849.208 250.586
853.075 273.788
856.943 296.991
860.81 321.74
864.677 346.489
867.771 370.465
870.864 394.441
874.731 424.604
878.598 454.767
884.012 480.29
889.426 505.813
894.84 532.109
900.254 558.405
907.988 586.248
915.722 614.091
923.456 635.746
931.19 657.402
942.018 694.526
943.565 716.181
945.112 737.837
920.363 719.275
897.16 699.166
872.411 683.698
849.208 669.776
826.006 662.042
791.976 655.855
788.882 620.278
779.601 589.341
768 570.006
756.399 550.671
745.571 532.883
734.743 515.094
720.048 498.079
705.353 481.063
690.659 463.274
675.964 445.486
661.269 424.604
646.574 403.722
636.519 382.84
626.465 361.958
618.731 329.474
615.637 298.538
623.372 281.523
626.465 262.961
621.825 239.758
606.357 224.29
587.795 218.103
570.779 215.009
569.233 179.432
567.686 160.096
566.139 140.761
570.779 105.184
587.795 78.8882
609.45 64.9668
631.106 55.6858
}
