n_points:  50
{
   695 88 
   734.381 100.381 
   773.762 131.762 
   812.143 160.143 
   840.524 199.524 
   855.905 238.905 
   867 278.286 
   875 317.667 
   880 357.048 
   882 396.429 
   883 435.81 
   888 475.19 
   890 514.571 
   892 553.952 
   895.333 593.333 
   901 632.714 
   917.095 672.095 
   930 711.476 
   934 750.857 
   926.762 790.238 
   918 829.619 
   911 869 
   895 846.333 
   885.667 823.667 
   877 801 
   862.333 780.333 
   839.667 764 
   817 753 
   839.231 733.769 
   840 702.538 
   827 671.308 
   805.077 640.077 
   782.846 608.846 
   757 577.615 
   730.385 546.385 
   705 515.154 
   688 483.923 
   672 452.692 
   661 421.462 
   649 390.231 
   628 359 
   635.5 334.5 
   636 310 
   625 285.5 
   606 261 
   603 222.833 
   603 184.667 
   603 146.5 
   618.667 109.333 
   656.833 91 
}
