n_points:  50
{
   688 40 
   730.429 57 
   771.857 90.8571 
   805.286 133.286 
   831 175.714 
   845.143 218.143 
   854 260.571 
   859 303 
   861 345.429 
   862 387.857 
   860 430.286 
   860 472.714 
   861 515.143 
   862 557.571 
   865 600 
   869.429 642.429 
   876 684.857 
   884.286 727.286 
   896 769.714 
   903 812.143 
   907 854.571 
   906 897 
   890.167 873.167 
   868.333 851 
   844.5 835 
   820.667 825.667 
   796.833 817 
   773 807 
   807 782.231 
   797 745.462 
   779 708.692 
   757 671.923 
   725.154 635.154 
   695 598.385 
   668.615 561.615 
   649.846 524.846 
   634 488.077 
   623 451.308 
   624 414.538 
   626 377.769 
   633 341 
   636 304.25 
   631 267.5 
   608.75 235 
   572 227 
   569 186.333 
   570 145.667 
   578 105 
   606.667 65.3334 
   647.333 45 
}
