n_points:  54
{
   673.684 46.4094 
   711.111 50.9006 
   747.041 77.848 
   778.48 104.795 
   806.924 134.737 
   826.386 173.661 
   842.854 214.082 
   856.328 261.988 
   871.298 317.38 
   881.778 375.766 
   892.257 437.146 
   896.749 498.526 
   899.743 555.415 
   904.234 615.298 
   911.719 669.193 
   922.199 715.602 
   923.696 754.526 
   922.199 790.456 
   916.211 827.883 
   905.731 859.322 
   892.257 830.877 
   874.292 797.942 
   848.842 772.491 
   818.901 760.515 
   791.953 759.018 
   765.006 760.515 
   735.064 760.515 
   688.655 760.515 
   734.743 751.758 
   757.52 736.561 
   767.227 714.634 
   768.773 674.417 
   768 637.754 
   756.023 595.836 
   735.064 555.415 
   706.62 519.485 
   682.667 485.053 
   664.702 453.614 
   646.737 414.69 
   630.269 371.275 
   618.292 341.333 
   620.278 314.006 
   624.918 284.616 
   629.559 253.68 
   631.106 228.931 
   624.281 199.111 
   604.819 181.146 
   580.865 170.667 
   562.901 172.164 
   558.409 140.725 
   562.901 110.784 
   576.374 83.8363 
   594.339 68.8655 
   627.275 50.9006 
}
