n_points:  50
{
   688 139 
   726.571 151 
   765.143 179.143 
   799.714 216.714 
   822.286 255.286 
   842 293.857 
   856 332.429 
   868 371 
   880 409.571 
   890 448.143 
   895 486.714 
   894 525.286 
   895 563.857 
   895 602.429 
   892 641 
   889 679.571 
   885 718.143 
   888 756.714 
   893 795.286 
   898 833.857 
   897 872.429 
   889 911 
   870.833 887.833 
   847.667 868.667 
   824.5 847.5 
   801.333 832 
   778.167 825.167 
   755 818 
   772.077 785.923 
   774 753.846 
   767 721.769 
   753 689.692 
   730.615 657.615 
   699.538 626.538 
   669 594.462 
   645 562.385 
   629 530.308 
   623 498.231 
   620.154 466.154 
   622 434.077 
   631 402 
   634 371.5 
   635 341 
   621.5 312.5 
   591 299 
   595 263 
   599 227 
   605 191 
   616 155 
   652 137 
}
