n_points: 66 {
658.949 66.5136
696.073 77.3414
722.369 94.3565
745.571 112.918
765.68 133.027
791.976 160.87
813.631 194.9
826.006 232.024
836.834 273.789
849.208 306.272
853.849 338.755
858.489 375.879
864.677 419.19
867.77 459.408
870.864 484.93
873.958 510.453
873.958 539.07
873.958 567.686
873.958 593.982
873.958 620.278
875.505 671.323
878.598 720.822
884.786 762.586
886.332 793.523
878.598 821.366
867.77 852.302
861.583 883.239
861.583 907.988
860.036 926.55
849.208 886.332
841.474 853.849
824.459 816.725
804.35 796.616
779.601 788.882
750.211 785.789
720.822 788.882
685.245 793.523
652.761 791.976
683.697 780.375
714.634 768.773
744.024 739.384
742.477 702.26
730.103 652.761
719.275 629.559
708.447 606.357
696.072 580.834
683.698 555.311
667.456 529.788
651.214 504.266
628.012 467.142
601.716 440.846
600.169 409.909
606.357 369.692
610 338
613 310
610.997 284.616
598.622 262.961
573.873 245.946
549.124 245.946
536.749 218.103
542.163 189.487
547.577 160.87
558.405 123.746
576.967 95.9033
607.903 77.3414
632.653 71.1541
}
