n_points:  40
{
   683.698 63.4199 
   723.915 85.0755 
   767.227 102.091 
   808.991 125.293 
   833.74 160.87 
   852.302 197.994 
   873.958 249.039 
   892.52 303.178 
   911.082 374.332 
   926.55 450.127 
   942.018 518.187 
   959.033 589.341 
   980.689 663.589 
   997.704 728.556 
   1006.98 776.508 
   1010.08 824.459 
   979.142 787.335 
   945.112 748.665 
   909.535 719.275 
   866.224 700.713 
   824.459 702.26 
   791.976 703.807 
   764.133 665.136 
   734.743 629.559 
   706.9 592.435 
   672.87 544.483 
   651.214 494.985 
   645.027 440.846 
   645.027 391.347 
   645.027 351.13 
   646.574 315.553 
   638.84 284.616 
   615.637 266.054 
   589.341 259.867 
   578.514 228.931 
   576.967 194.9 
   575.42 151.589 
   583.154 109.825 
   601.716 80.435 
   635.746 64.9668 
}
