n_points: 66 {
646.574 98.997
677.511 108.278
705.353 126.84
728.556 151.589
751.758 173.245
778.054 205.728
802.804 239.758
811.312 262.187
819.819 284.616
829.1 321.74
838.381 366.598
849.208 409.909
860.036 445.486
865.45 469.462
870.864 493.438
873.957 527.468
877.051 561.498
879.371 585.474
881.692 609.45
885.559 638.067
889.426 666.683
900.254 711.541
904.894 740.931
909.535 770.32
911.855 795.843
914.175 821.366
914.948 850.755
915.722 880.145
915.722 925.003
903.347 965.221
894.066 989.97
883.239 962.127
864.677 928.097
844.568 904.894
815.178 889.426
788.882 880.145
754.852 872.411
725.462 867.77
730.103 843.021
731.65 816.725
728.556 788.882
727.009 751.758
720.048 726.236
713.088 700.713
700.713 669.776
674.417 637.293
651.214 604.81
626.465 586.248
600.169 556.858
588.351 529.965
591.345 500.023
592.435 465.595
592.435 425.378
593.982 395.988
597.333 372.772
595.836 347.322
595.529 324.834
590.888 295.444
573.873 275.335
555.311 262.961
535.202 259.867
538.296 219.65
546.03 177.885
556.858 142.308
580.06 117.559
606.357 103.637
}
