n_points: 66 {
621.825 52.5921
658.949 58.7795
678.284 70.3807
697.619 81.9819
716.181 105.184
740.931 134.574
764.133 165.511
776.507 187.166
788.882 208.822
796.616 235.892
804.35 262.961
810.538 289.257
816.725 315.553
822.139 344.169
827.553 372.785
832.967 400.628
838.381 428.471
842.248 460.954
846.115 493.438
849.208 527.468
852.302 561.498
855.396 596.302
858.489 631.106
857.716 661.269
856.943 691.432
857.716 715.408
858.489 739.384
852.302 776.508
839.927 816.725
833.74 846.888
827.553 877.051
816.725 853.849
801.257 818.272
779.601 784.242
740.931 762.586
711.541 747.118
680.604 736.29
651.214 730.103
691.432 720.822
702.26 694.526
711.541 658.949
711.541 620.278
703.807 598.622
696.073 576.967
685.245 555.312
674.417 533.656
658.948 510.453
643.48 487.251
628.785 467.915
614.091 448.58
602.49 423.058
590.888 397.535
586.247 375.106
581.607 352.677
576.967 317.1
586.248 287.71
589.341 261.414
576.967 244.399
549.124 225.837
545.257 198.767
541.39 171.698
539.07 144.629
536.749 117.559
546.03 81.9819
570.779 63.4199
596.302 58.006
}
