n_points:  58
{
   697.619 18.5619 
   730.103 26.2961 
   770.32 43.3112 
   801.257 66.5136 
   832.193 105.184 
   855.396 128.387 
   877.051 163.964 
   895.613 207.275 
   907.988 244.399 
   915.722 295.444 
   926.55 351.13 
   931.19 405.269 
   937.378 465.595 
   937.378 519.734 
   931.19 572.326 
   932.737 632.653 
   935.831 683.698 
   938.924 734.743 
   949.752 784.242 
   954.393 836.834 
   954.393 892.52 
   948.205 940.471 
   937.378 979.142 
   923.456 999.251 
   914.175 960.58 
   898.707 926.55 
   875.505 892.52 
   844.568 870.864 
   808.991 856.943 
   773.414 843.021 
   736.29 830.647 
   699.166 821.366 
   711.541 799.71 
   723.915 757.946 
   725.462 727.009 
   723.915 688.338 
   714.634 665.136 
   697.619 624.918 
   672.87 589.341 
   655.855 547.577 
   643.48 512 
   618.731 487.251 
   612.544 453.221 
   610.997 425.378 
   612.544 386.707 
   614.091 354.224 
   612.544 326.381 
   615.637 298.538 
   621.825 269.148 
   626.465 241.305 
   626.465 210.369 
   618.731 193.353 
   598.622 173.245 
   590.888 142.308 
   593.982 98.997 
   610.997 54.139 
   632.653 29.3897 
   660.495 18.5619 
}
