n_points:  45
{
   617.184 83.5287 
   648.121 97.4501 
   688.338 119.106 
   723.915 139.215 
   747.118 165.511 
   762.586 191.807 
   781.148 221.196 
   791.976 258.32 
   798.163 301.631 
   805.897 343.396 
   812.085 394.441 
   818.272 457.861 
   830.647 515.094 
   836.834 566.139 
   844.568 620.278 
   856.943 677.511 
   863.13 734.743 
   863.13 773.414 
   860.036 802.804 
   838.381 773.414 
   818.272 747.118 
   788.882 727.009 
   750.211 708.447 
   714.634 694.526 
   685.245 685.245 
   702.26 669.776 
   705.353 640.387 
   703.807 607.903 
   694.526 566.139 
   679.057 535.202 
   648.121 502.719 
   621.825 476.423 
   597.076 442.393 
   590.888 406.816 
   584.701 363.505 
   581.607 327.927 
   576.967 293.897 
   573.873 266.054 
   564.592 241.305 
   549.124 221.196 
   524.375 211.915 
   527.468 170.151 
   530.562 129.934 
   550.671 102.091 
   583.154 88.1692 
}
