n_points: 66 {
668.23 103.637
697.619 112.918
733.196 133.027
764.133 157.776
790.429 187.166
802.03 206.501
813.631 225.837
827.553 261.414
832.967 284.616
838.381 307.819
843.021 349.583
846.115 389.801
849.982 411.457
853.849 433.112
855.396 455.541
856.943 477.97
861.583 521.281
862.356 544.484
863.13 567.686
866.224 595.529
869.317 623.372
873.957 645.027
878.598 666.683
886.332 687.565
894.066 708.447
901.801 729.329
909.535 750.211
923.456 788.882
929.643 827.553
918.816 861.583
901.801 835.287
881.692 813.631
855.396 796.616
821.366 787.335
796.616 778.054
765.68 770.32
793.523 750.211
812.085 730.103
824.459 696.073
822.912 666.683
811.311 648.121
799.71 629.559
771.867 601.716
755.625 584.701
739.384 567.686
723.142 552.991
706.9 538.296
694.525 519.734
682.151 501.172
675.19 479.517
668.23 457.861
654.308 417.643
641.934 388.254
632.653 368.145
623.372 348.036
632.653 318.647
640.387 293.897
628.012 266.054
607.903 253.68
580.06 247.492
577.74 222.743
575.42 197.994
578.514 175.565
581.607 153.136
603.263 126.84
637.293 108.278
}
