n_points:  46
{
   662.042 58.7795 
   685.245 64.9668 
   716.181 78.8882 
   747.118 98.997 
   767.227 125.293 
   784.242 160.87 
   799.71 199.541 
   810.538 244.399 
   822.912 293.897 
   832.193 344.943 
   839.927 392.894 
   849.208 440.846 
   861.583 490.344 
   867.77 536.749 
   880.145 581.607 
   894.066 631.106 
   900.254 677.511 
   897.16 708.447 
   875.505 685.245 
   855.396 663.589 
   835.287 648.121 
   812.085 637.293 
   788.882 632.653 
   807.444 614.091 
   816.725 593.982 
   818.272 567.686 
   810.538 539.843 
   796.616 513.547 
   774.961 485.704 
   750.211 459.408 
   723.915 433.112 
   692.979 406.816 
   671.323 380.52 
   646.574 349.583 
   629.559 324.834 
   621.825 293.897 
   618.731 258.32 
   624.918 235.118 
   628.012 215.009 
   621.825 190.26 
   604.81 171.698 
   581.607 168.604 
   583.154 131.48 
   595.529 100.544 
   610.997 75.7946 
   635.746 61.8731 
}
