n_points: 66 {
649.731 83.8363
681.17 94.3158
709.614 109.287
736.561 124.257
762.012 140.725
787.462 157.193
806.924 179.649
826.386 209.591
842.854 242.526
856.328 273.965
860.819 294.175
865.31 314.386
869.801 339.837
874.292 365.287
878.035 390.737
881.778 416.187
883.275 440.889
884.772 465.591
887.018 495.533
889.263 525.474
892.257 553.169
895.251 580.865
899.743 606.315
904.234 631.766
911.72 663.205
919.205 694.643
920.702 723.088
922.199 751.532
922.199 781.474
913.216 812.912
901.24 784.468
880.281 763.509
859.322 747.041
833.871 738.058
799.439 735.064
802.433 717.099
796.444 696.14
781.474 666.199
769.497 639.251
756.023 610.807
739.556 576.374
720.094 550.924
708.117 534.456
696.14 517.988
669.193 492.538
648.234 494.035
637.754 495.532
631.766 468.585
628.772 435.649
622.784 404.211
621.287 368.281
619.789 342.83
615.298 323.368
628.772 297.918
636.257 275.462
628.772 250.012
612.304 235.041
589.848 232.047
571.883 235.041
558.409 218.573
561.404 191.626
564.398 161.684
573.38 131.743
585.357 109.287
607.813 89.8246
627.275 85.3333
}
