n_points: 66 {
654.308 126.84
689.885 134.574
719.275 146.949
744.024 167.057
773.414 193.353
795.069 215.009
819.819 247.492
838.381 290.804
845.341 314.006
852.302 337.208
854.622 361.184
856.943 385.16
857.716 409.136
858.489 433.112
862.357 457.861
866.224 482.61
869.317 506.586
872.411 530.562
874.731 554.538
877.051 578.514
877.824 604.81
878.598 631.106
890.973 666.683
900.254 691.432
909.535 716.181
923.456 753.305
935.831 787.335
946.659 827.553
959.033 872.411
957.486 906.441
951.299 946.659
932.737 923.456
911.082 889.426
886.332 853.849
855.396 844.568
810.538 841.474
771.867 835.287
730.103 830.647
688.338 827.553
725.462 810.538
759.492 793.523
795.069 771.867
821.366 744.024
824.459 719.275
808.991 688.338
782.695 655.855
750.035 625.778
723.088 598.83
699.135 571.883
678.175 544.936
663.205 517.988
649.731 488.047
648.234 456.608
643.743 416.187
643.743 381.754
638.84 349.583
634.199 320.193
610.997 295.444
583.154 287.71
556.858 287.71
555.311 255.227
556.858 210.369
558.405 174.792
563.045 151.589
587.795 137.668
621.825 128.387
}
