n_points: 66 {
688 147
707.976 151.976
727.952 156.952
747.928 171.428
767.905 185.905
781.881 205.881
795.857 225.857
808.428 245.834
821 265.81
829.5 285.786
838 305.762
843 325.738
848 345.714
856 385.667
864 425.619
870.571 465.571
876 505.524
881 545.476
881 585.429
881 625.381
884 665.333
888 685.309
892 705.286
897 725.262
902 745.238
907 765.214
912 785.19
916.5 805.167
921 825.143
926 845.119
931 865.095
938 905.048
940 945
912.833 923
885.667 907.667
858.5 886.5
831.333 875.333
804.167 867
777 865
781 831
790 797
791 763
777 729
759 695
746.5 678
734 661
717.5 646
701 631
684.5 614.5
668 598
646 564
629 530
617 496
617 462
622 428
636 396.25
636 364.5
617.75 334.75
586 323
588 286
587 249
594 212
604 194
614 176
632.5 163.5
651 151
}
