n_points: 66 {
673 122
692.024 128.524
711.048 135.048
730.072 146.024
749.095 157
768.119 171
787.143 185
803.667 202.095
820.19 219.19
826.595 238.214
833 257.238
837.5 276.262
842 295.286
845 333.333
846 371.381
848 409.429
848 447.476
851 485.524
853.5 504.548
856 523.571
859 561.619
862 599.667
866 637.714
870 675.762
873 713.81
873 751.857
871 789.905
869 827.952
865 866
854.25 849.75
843.5 833.5
827 801
796.5 778.5
764 774
731.5 769
699 763
717.231 753.5
735.462 744
753.692 734.538
771.923 725.077
794 695.615
793 659.154
783 640.923
773 622.692
758.615 604.462
744.231 586.231
727 568.5
709.769 550.769
693.038 533.038
676.308 515.308
664.077 497.077
651.846 478.846
642.423 460.615
633 442.385
624 405.923
619 369.462
611 333
613 301.5
613 270
600.5 239
569 218
572 192.5
578 167
596.5 141.5
622 126
647.5 122
}
