n_points: 66 {
655.855 91.2628
679.831 98.2234
703.807 105.184
736.29 119.106
762.586 137.668
796.616 168.604
819.819 194.9
836.834 233.571
844.568 275.335
852.302 314.006
863.13 358.864
866.997 382.84
870.864 406.816
875.505 450.127
878.599 474.103
881.692 498.079
885.559 522.054
889.426 546.03
900.254 584.701
904.894 612.544
909.535 640.387
913.402 670.55
917.269 700.713
919.589 730.102
921.909 759.492
924.229 784.241
926.55 808.991
928.096 832.193
929.643 855.396
923.456 880.918
917.269 906.441
910.308 883.238
903.347 860.036
883.239 827.553
856.943 798.163
826.006 781.148
785.789 770.32
742.477 767.227
734.743 733.196
727.783 707.673
720.822 682.151
713.861 658.948
706.9 635.746
696.846 613.317
686.792 590.888
665.136 555.311
651.988 535.203
638.84 515.094
618.731 487.251
593.982 456.314
580.06 431.565
569.233 397.535
566.139 374.332
563.045 351.13
563.045 334.115
580.06 309.366
586.248 286.163
580.06 262.961
564.592 250.586
544.483 245.946
547.577 204.181
550.67 180.978
553.764 157.776
563.045 125.293
586.248 103.637
620.278 92.8097
}
