n_points: 66 {
695 90
716.095 96
737.19 102
758.285 113.191
779.381 124.381
800.476 138.976
821.571 153.571
836.785 173.166
852 192.762
860.5 213.857
869 234.952
877 256.048
885 277.143
892 298.238
899 319.333
903.5 340.428
908 361.524
911 382.619
914 403.714
917.5 424.809
921 445.905
925 488.095
930 530.286
933 551.381
936 572.476
941 614.667
946 656.857
951 699.048
955 720.143
959 741.238
959 783.429
959 825.619
957 867.81
952.5 888.905
948 910
936 873.333
919.667 836.667
905.333 819.833
891 803
872.667 792.167
854.333 781.333
817.667 765
781 752
783 720.769
781 689.538
775 658.308
765.077 627.077
752 595.846
736.615 564.615
722.385 533.385
699.154 502.154
677.923 470.923
657 439.692
650 408.462
636.231 377.231
621 346
622 324.5
623 303
615.5 281.5
597 261
596 222.833
596 184.667
599 146.5
608.833 127.416
618.667 108.333
656.833 90
}
