n_points:  51
{
   669.776 43.3112 
   706.9 54.139 
   740.931 77.3414 
   776.508 98.997 
   807.444 126.84 
   838.381 168.604 
   856.943 211.915 
   869.317 259.867 
   881.692 301.631 
   894.066 352.677 
   909.535 411.456 
   925.003 477.97 
   934.284 544.483 
   945.112 609.45 
   952.846 671.323 
   957.486 725.462 
   949.752 770.32 
   935.831 816.725 
   925.003 839.927 
   901.801 810.538 
   872.411 788.882 
   849.208 774.961 
   816.725 759.492 
   787.335 745.571 
   761.039 742.477 
   731.65 750.211 
   692.979 748.665 
   733.196 734.743 
   764.133 720.822 
   785.789 700.713 
   796.616 672.87 
   793.523 640.387 
   782.695 598.622 
   765.68 558.405 
   736.29 515.094 
   713.088 484.157 
   680.604 442.393 
   666.683 402.175 
   649.668 368.145 
   628.012 341.849 
   618.731 323.287 
   618.731 323.287 
   618.731 301.631 
   621.825 276.882 
   607.903 252.133 
   583.154 235.118 
   576.967 194.9 
   576.967 146.949 
   578.514 100.544 
   601.716 68.0604 
   631.106 46.4048 
}
