n_points:  51
{
   648.121 109.825 
   680.604 119.106 
   711.541 139.215 
   736.29 163.964 
   771.867 193.353 
   798.163 224.29 
   815.178 259.867 
   827.553 300.085 
   835.287 337.208 
   844.568 386.707 
   856.943 430.018 
   863.13 488.798 
   870.864 547.577 
   881.692 597.076 
   887.879 641.934 
   890.973 692.979 
   894.066 736.29 
   898.707 778.054 
   897.16 807.444 
   890.973 853.849 
   873.958 818.272 
   869.317 796.616 
   850.755 773.414 
   827.553 751.758 
   807.444 739.384 
   782.695 731.65 
   748.665 728.556 
   756.399 716.181 
   754.852 696.073 
   745.571 666.683 
   731.65 637.293 
   716.181 606.357 
   700.713 580.06 
   682.151 555.311 
   658.949 522.828 
   640.387 491.891 
   617.184 457.861 
   610.807 416.187 
   613.801 389.24 
   612.304 365.287 
   612.304 341.333 
   613.801 321.871 
   606.357 293.897 
   595.529 264.508 
   576.967 252.133 
   559.952 250.586 
   556.858 221.196 
   556.858 182.526 
   563.045 151.589 
   578.514 128.387 
   610.997 111.372 
}
