n_points: 66 {
690 42
710.167 49.1667
730.333 56.3333
750.5 69.5
770.667 82.6667
790.833 98.3333
811 114
824.167 134.166
837.333 154.333
844.5 174.5
851.667 194.667
859 235
862.667 255.167
866.333 275.333
869 315.667
872 356
873 396.333
873 436.667
876 477
873 517.333
872 557.667
872 598
874 638.333
876 678.667
878 719
875 759.333
869.5 779.5
864 799.667
854.5 819.833
845 840
836 812.667
820.333 785.333
800 758
772.667 745
745.333 741
718 738
752.538 727
779 696.923
785 662.385
784 627.846
774 593.308
757 558.769
745.115 541.5
733.231 524.231
716.962 507.462
700.692 490.692
685.923 473.923
671.154 457.154
654 422.615
634 388.077
622.538 353.538
617 319
627 293.25
630 267.5
613.75 243
588 237
584.5 216.666
581 196.333
584 155.667
587.5 135.334
591 115
601 94.6667
611 74.3334
630.167 63
649.333 51.6666
669.667 46.8333
}
