n_points:  48
{
   683.698 81.9819 
   719.275 91.2628 
   751.758 105.184 
   784.242 131.48 
   818.272 165.511 
   846.115 199.541 
   864.677 239.758 
   880.145 278.429 
   887.879 318.647 
   897.16 378.973 
   901.801 440.846 
   901.801 490.344 
   898.707 566.139 
   898.707 626.465 
   901.801 682.151 
   907.988 745.571 
   903.347 808.991 
   900.254 860.036 
   889.426 911.082 
   864.677 894.066 
   838.381 873.958 
   815.178 863.13 
   781.148 852.302 
   747.118 841.474 
   705.353 838.381 
   728.556 827.553 
   748.665 798.163 
   759.492 767.227 
   761.039 722.369 
   757.946 686.792 
   742.477 654.308 
   722.369 614.091 
   696.073 575.42 
   665.136 522.828 
   641.934 482.61 
   617.184 440.846 
   609.45 403.722 
   614.091 360.411 
   620.278 340.302 
   623.372 315.553 
   612.544 284.616 
   597.076 275.335 
   573.873 267.601 
   572.326 230.477 
   572.326 184.073 
   581.607 143.855 
   604.81 106.731 
   637.293 85.0755 
}
