n_points:  43
{
   641.934 108.278 
   677.511 119.106 
   702.26 136.121 
   727.009 160.87 
   751.758 196.447 
   771.867 221.197 
   790.429 249.039 
   808.991 281.523 
   822.912 318.647 
   832.193 355.771 
   839.927 392.894 
   846.115 436.206 
   850.755 493.438 
   850.755 546.03 
   844.568 604.81 
   833.74 660.496 
   829.1 708.447 
   824.459 759.493 
   810.538 737.837 
   796.616 716.181 
   802.804 691.432 
   802.804 649.668 
   799.71 615.638 
   781.148 583.154 
   756.399 553.765 
   728.556 532.109 
   694.526 518.188 
   665.136 507.36 
   629.559 501.172 
   631.106 471.783 
   640.387 437.752 
   648.121 399.082 
   657.402 352.677 
   658.949 321.74 
   657.402 293.897 
   645.027 269.148 
   624.918 252.133 
   604.81 245.946 
   578.514 250.586 
   570.779 215.009 
   570.779 174.792 
   575.42 139.215 
   597.076 111.372 
}
