n_points:  49
{
   672.87 139.215 
   709.994 148.495 
   745.571 171.698 
   770.32 194.9 
   793.523 221.196 
   808.991 255.227 
   819.819 301.631 
   830.647 352.677 
   839.927 397.535 
   846.115 445.486 
   855.396 491.891 
   866.224 544.483 
   877.051 610.997 
   884.786 668.23 
   897.16 720.822 
   901.801 759.492 
   901.801 796.616 
   897.16 835.287 
   883.239 802.804 
   867.77 776.508 
   850.755 759.492 
   826.006 744.024 
   795.069 736.29 
   768.773 733.196 
   796.616 720.822 
   812.085 706.9 
   822.912 680.604 
   815.178 646.574 
   796.616 617.184 
   770.32 595.529 
   736.29 573.873 
   702.26 550.671 
   671.323 529.015 
   643.48 499.625 
   628.012 468.689 
   618.731 437.752 
   614.091 413.003 
   618.731 395.988 
   624.918 378.973 
   628.012 357.317 
   629.559 334.115 
   621.825 307.819 
   600.169 290.804 
   570.779 289.257 
   569.233 253.68 
   572.326 215.009 
   583.154 179.432 
   609.45 153.136 
   643.48 142.308 
}
