n_points: 66 {
664 107
699 115
716.5 128
734 141
749 158.5
764 176
778 193.5
792 211
802 228.5
812 246
819.5 263.5
827 281
833 298.5
839 316
844.5 333.5
850 351
854.5 368.5
859 386
864 421
870 456
878 491
880 526
882 561
887 596
890 631
893 666
894 701
896 736
898 771
893 806
875.5 784.5
859 763
837.5 749.5
816 741
794.5 734
773 727
784.385 711.115
795.769 695.231
793 663.462
779.692 631.692
770.308 615.808
760.923 599.923
748.462 584.038
736 568.154
723.5 552.269
711 536.385
699.308 520.5
687.615 504.615
678.731 488.731
669.846 472.846
659 441.077
650 409.308
643 377.538
642 345.769
638 314
626.5 290.5
612 268
588.5 261
565 258
566 225.833
567 193.667
576.5 161.5
588.083 145.916
599.667 130.333
615.75 120.166
631.833 110
}
