n_points:  53
{
   694.526 34.0302 
   747.118 55.6858 
   790.429 88.1692 
   826.006 117.559 
   858.489 160.87 
   880.145 208.822 
   895.613 247.492 
   904.894 290.804 
   907.988 331.021 
   912.628 380.52 
   915.722 434.659 
   912.628 493.438 
   914.175 573.873 
   917.269 643.48 
   918.816 705.353 
   923.456 762.586 
   932.737 824.459 
   938.924 883.239 
   938.924 932.737 
   937.378 971.408 
   928.097 997.704 
   917.269 976.048 
   898.707 942.018 
   878.598 917.269 
   849.208 887.879 
   818.272 866.224 
   788.882 847.662 
   764.133 835.287 
   733.196 830.647 
   742.477 810.538 
   747.118 782.695 
   737.837 744.024 
   725.462 706.9 
   705.353 672.87 
   691.432 638.84 
   675.964 598.622 
   657.402 564.592 
   641.934 535.202 
   624.918 508.906 
   614.091 462.501 
   613.801 426.667 
   604.819 393.731 
   598.83 363.789 
   597.076 332.568 
   586.248 301.631 
   567.686 281.523 
   559.952 239.758 
   556.858 194.9 
   556.858 146.949 
   575.42 100.544 
   597.076 63.4199 
   629.559 41.7644 
   658.949 35.577 
}
