n_points: 66 {
659 37
679.143 42.5
699.286 48
719.428 62.7857
739.571 77.5714
759.714 95.2142
779.857 112.857
792.928 133
806 153.143
814.715 173.286
823.429 193.429
833 233.714
839 274
846 314.286
848 354.571
850 394.857
852 435.143
856.429 475.429
862 515.714
867 556
877.286 596.286
886 636.571
894 676.857
896 717.143
890.571 757.429
888 797.714
894 838
876.833 821.333
859.667 804.667
846 786.5
832.333 768.333
802 747
765.667 741
729.333 740
693 736
711.5 722
730 708
748.5 696.5
767 685
797 656
797 619
780 582
761 545
749 526.5
737 508
722.5 489.5
708 471
696 452.5
684 434
667 416.5
650 399
640 380.5
630 362
616 325
602 288
605 260
597 232
569 213
541 210
538 171.333
539 132.667
551 94
566.333 75.6667
581.667 57.3334
601 48.1667
620.333 39
}
