n_points: 66 {
680.604 61.8731
716.181 74.2477
742.477 88.1692
768.773 109.825
788.882 137.668
813.631 165.511
830.647 193.353
844.568 232.024
860.036 273.789
870.864 320.193
884.786 365.051
894.066 406.816
901.027 433.885
907.988 460.955
920.363 507.36
935.831 559.952
949.752 606.357
959.033 649.668
966.767 692.979
974.502 733.196
976.048 774.961
972.955 829.1
968.314 856.169
963.674 883.239
951.299 917.269
929.643 959.033
911.082 928.097
884.786 901.801
849.208 880.145
812.085 870.864
767.227 866.224
731.65 864.677
702.26 860.036
674.417 855.396
646.574 850.755
682.151 843.021
716.181 835.287
742.477 812.085
757.946 781.148
767.227 745.571
767.227 696.073
753.305 658.949
734.743 623.372
728.556 589.341
719.275 553.764
706.9 512
694.525 483.384
682.151 454.767
669.003 428.471
655.855 402.175
645.027 365.051
631.106 337.208
631.106 306.272
645.027 278.429
654.308 250.586
651.214 227.384
632.653 199.541
610.997 187.166
593.982 182.526
570.779 184.073
556.858 190.26
561.498 153.136
569.233 119.106
589.341 88.1692
615.637 71.1541
649.668 64.9668
}
