n_points: 66 {
640 131
658.928 138.928
677.857 146.857
696.785 155.428
715.714 164
734.643 174.5
753.571 185
772.285 199.214
791 213.429
804.643 232.358
818.286 251.286
827.643 270.214
837 289.143
841.5 308.072
846 327
850.5 345.928
855 364.857
858.5 383.786
862 402.714
867.5 421.643
873 440.571
876.5 459.5
880 478.429
882 497.357
884 516.286
886 535.215
888 554.143
890.5 573.072
893 592
897 629.857
900 648.785
903 667.714
905.5 686.643
908 705.571
910 743.429
913 781.286
914 819.143
914 857
896 833
874 809
850 789
826 778
802 771
778 767
758 737.231
741.462 707.462
724.692 677.692
709.923 647.923
694 618.154
676 588.385
655.615 558.615
632 528.846
612.077 499.077
601 469.308
596 439.538
593 409.769
595 380
599 347.25
596 314.5
573.75 286.75
541 278
547.833 244.167
550 210.333
554 176.5
572.333 146
606.167 131
}
