n_points: 66 {
692.979 88.1692
723.915 94.3565
759.492 106.731
784.242 128.387
816.725 150.042
836.061 169.377
855.396 188.713
866.224 211.142
877.051 233.571
889.426 278.429
894.066 320.193
903.347 363.505
908.761 392.121
914.175 420.737
920.362 445.486
926.55 470.236
930.417 498.852
934.284 527.468
941.245 552.991
948.205 578.514
953.619 602.49
959.033 626.465
964.447 656.629
969.861 686.792
976.822 712.314
983.782 737.837
993.063 784.242
1002.34 832.193
1002.34 875.505
1004.66 907.215
1006.98 938.924
1003.89 982.236
983.782 1014.72
949.752 996.157
918.816 962.127
881.692 934.284
847.662 918.816
810.538 912.628
796.616 881.692
790.429 838.381
782.695 791.976
777.281 767.226
771.867 742.477
756.399 699.166
743.251 675.19
730.103 651.214
700.713 612.544
683.698 591.661
666.683 570.779
645.027 530.562
618.731 490.344
615.637 459.408
618.731 431.565
624.918 403.722
628.012 372.785
617.184 343.396
601.716 327.927
581.607 321.74
573.873 287.71
573.873 241.305
574.647 212.689
575.42 184.073
581.607 155.457
587.795 126.84
612.544 102.091
648.121 86.6224
}
