n_points: 66 {
669.776 71.1541
694.526 75.7946
719.275 89.716
740.931 103.637
767.227 123.746
795.069 148.495
819.819 171.698
835.287 199.541
852.302 233.571
866.224 272.242
875.505 310.912
881.692 333.341
887.879 355.77
891.746 376.653
895.613 397.535
897.934 421.51
900.254 445.486
901.028 466.368
901.801 487.251
902.574 511.226
903.347 535.202
904.894 556.858
906.441 578.514
906.441 600.169
906.441 621.825
909.534 648.121
912.628 674.417
913.401 699.166
914.175 723.915
917.269 744.797
920.363 765.68
915.722 796.616
906.441 818.272
887.879 788.882
863.13 762.586
836.834 745.571
815.178 734.743
796.616 727.009
793.523 699.166
787.335 668.23
776.508 638.84
762.586 606.357
753.305 587.022
744.024 567.686
719.275 536.749
696.073 513.547
675.964 494.985
664.362 477.97
652.761 460.955
639.613 443.939
626.465 426.924
609.45 395.988
600.169 374.332
608 335
619 319
624.918 301.631
615.637 270.695
592.435 255.227
573.873 250.586
572.326 210.369
573.873 187.94
575.42 165.511
580.06 125.293
595.529 92.8097
617.184 74.2477
643.48 68.0604
}
