n_points: 66 {
665 86
681.715 94.7145
698.429 103.429
715.143 115.643
731.857 127.857
746.428 144.572
761 161.286
771 178
781 194.714
790 228.143
795.785 244.857
801.571 261.571
806.285 278.286
811 295
816.715 311.714
822.429 328.429
829 361.857
836.286 395.286
842 428.714
849 462.143
856 495.571
863 529
870.429 562.429
879 595.857
880 629.286
880 662.714
881 696.143
876.429 729.571
868.715 746.285
861 763
853.667 748.667
844.333 734.333
832 721
817.667 708.667
803.333 699.333
789 691
797 660
800 629
789 598
781 582.5
773 567
759 536
743.5 522.5
728 509
712.5 498.5
697 488
683 477
669 466
657 435
649 404
634 373
624 342
613 311
607 283.75
593.5 256.5
568.25 234
541 227
539 194.667
546 178.5
553 162.333
561.5 146.166
570 130
585.167 114.833
600.333 99.6666
616.5 92.3333
632.667 85
}
