n_points:  54
{
   689.885 20.1088 
   725.462 30.9366 
   756.399 47.9517 
   790.429 78.8882 
   813.631 111.372 
   829.1 143.855 
   841.474 193.353 
   850.755 244.399 
   855.396 304.725 
   858.489 352.677 
   860.036 405.269 
   867.77 467.142 
   872.411 535.202 
   878.598 587.795 
   886.332 643.48 
   895.613 691.432 
   901.801 739.384 
   906.441 782.695 
   909.535 838.381 
   904.894 880.145 
   900.254 915.722 
   886.332 937.378 
   877.051 903.347 
   856.943 866.224 
   824.459 844.568 
   790.429 826.006 
   765.68 818.272 
   762.586 793.523 
   757.946 764.133 
   759.492 736.29 
   759.492 705.353 
   751.758 668.23 
   733.196 628.012 
   709.994 590.888 
   685.245 555.311 
   660.495 519.734 
   637.293 470.236 
   617.184 440.846 
   610.997 423.831 
   612.544 392.894 
   614.091 351.13 
   612.544 318.647 
   618.731 293.897 
   620.278 269.148 
   620.278 238.211 
   607.903 211.915 
   590.888 204.181 
   570.779 199.541 
   573.873 154.683 
   578.514 108.278 
   589.341 72.7009 
   610.997 46.4048 
   632.653 29.3897 
   660.495 20.1088 
}
