n_points: 66 {
684 101
711.81 109
739.619 121
767.429 138
779.333 151.619
791.238 165.238
803.143 177.643
815.048 190.048
827.452 202.952
839.857 215.857
850.262 229.762
860.667 243.667
871 271.476
880 299.286
889 327.095
896 354.905
898 382.714
900.524 410.524
903 438.333
904 466.143
905 493.952
906 521.762
906 549.571
907 577.381
907 605.19
908 633
895.833 616.333
883.667 599.667
869.5 583
855.333 566.333
838.667 553.167
822 540
805.333 535.333
788.667 530.667
772 530.333
755.333 530
738.667 533.5
722 537
704.231 521.231
686.462 505.462
668.692 490.692
650.923 475.923
634.154 458.154
633 440.385
636 422.615
635 404.846
633 387.077
631 369.308
629 351.538
625 333.769
616 316
610 294.25
597.5 273
575.75 263
554 258
556.5 239.334
559 220.667
562 202
565 183.333
570 164.666
575 146
592.167 130.334
609.333 114.667
628 108
646.667 101.333
665.333 101.166
}
