n_points: 66 {
687 45
706.452 52.4524
725.905 59.9048
745.357 72.8572
764.81 85.8095
784.262 103.262
803.714 120.714
822.357 139.666
841 158.619
848 178.072
855 197.524
859.5 216.976
864 236.429
867.5 255.881
871 275.333
874.5 294.786
878 314.238
880.5 333.69
883 353.143
887 392.048
888 430.952
890 469.857
891 508.762
890 547.667
889 586.571
890 625.476
893 664.381
893 703.286
891 742.19
894 781.095
894 820
885 797.167
872.333 774.333
854.5 751.5
832.667 736
809.833 726
787 719
801 688.077
804 657.154
800 626.231
788.308 595.308
773 564.385
756 533.462
740 502.538
722.615 471.615
700.692 440.692
686.231 425.231
671.769 409.769
656 378.846
643.923 347.923
636 317
645 286.75
642.5 256.5
615.25 233
585 224
580 204.416
575 184.833
573.5 165.25
572 145.667
575.25 126.084
578.5 106.5
593.583 87.4167
608.667 68.3334
628.25 59.1667
647.833 50
667.417 47.5
}
