n_points: 66 {
653 123
690.619 135
709.428 149.119
728.238 163.238
745.048 181.548
761.857 199.857
775.428 218.666
789 237.476
810.095 275.095
822.714 312.714
832 350.333
836.952 387.952
841.571 425.571
847 463.19
854.81 500.81
858 538.429
859 576.048
860 613.667
861 651.286
863 688.905
868 726.524
874.143 764.143
878 801.762
877 839.381
867 877
857.583 854.083
848.167 831.167
832.75 808.25
817.333 785.333
795.417 769.417
773.5 753.5
750.583 749.75
727.667 746
704.75 745
681.833 744
658.917 740.5
636 737
675.692 730
715.385 718
735.231 703.462
755.077 688.923
766.423 670.577
777.769 652.231
778 612.538
769.423 592.692
760.846 572.846
746.5 553.5
732.154 534.154
712.308 516.308
692.462 498.462
672.615 482.115
652.769 465.769
640.385 445.923
628 426.077
626.385 386.385
626 346.692
627 307
617 287
604 267
585 251
565 244
555 216.5
560 189
573.5 161.5
598 137
625.5 125
}
