n_points: 66 {
631 67
650.095 70.5
669.19 74
688.285 84.1905
707.381 94.381
726.476 110.976
745.571 127.571
761.167 145.166
776.762 162.762
786.357 181.857
795.952 200.952
803.548 220.048
811.143 239.143
817.072 258.238
823 277.333
828.524 315.524
831 353.714
835 391.905
837.095 430.095
839 468.286
841 506.476
844 544.667
847 563.762
850 582.857
853 601.952
856 621.048
859.5 640.143
863 659.238
866.5 678.333
870 697.429
872.81 716.524
875.619 735.619
872.405 754.715
869.19 773.81
862.095 792.905
855 812
841 784.5
823 757
798.5 733.5
771 720
743.5 712.5
716 708
730.769 677.231
740 646.462
730 615.692
712.923 584.923
691 554.154
679 538.769
667 523.385
652.308 509.692
637.615 496
623.846 465.846
615 435.077
607.308 404.308
602 373.538
599 342.769
603 312
610 280
606 248
578 223
546 212
544 180.833
547 149.667
554 118.5
569.667 87.3334
599.833 68
}
