n_points:  48
{
   658.949 116.012 
   705.353 133.027 
   745.571 153.136 
   781.148 180.979 
   812.085 208.822 
   833.74 247.492 
   853.849 284.616 
   870.864 329.474 
   884.786 372.785 
   897.16 422.284 
   904.894 468.689 
   904.894 513.547 
   912.628 564.592 
   921.909 618.731 
   926.55 675.964 
   929.643 714.634 
   938.924 747.118 
   949.752 784.242 
   948.205 826.006 
   938.924 866.224 
   921.909 849.208 
   901.801 826.006 
   880.145 810.538 
   858.489 798.163 
   832.193 788.882 
   810.538 778.054 
   784.242 771.867 
   770.32 740.931 
   751.758 696.073 
   730.103 658.949 
   711.541 624.918 
   691.432 586.248 
   663.589 547.577 
   632.653 508.906 
   621.825 474.876 
   615.637 426.924 
   612.544 399.082 
   606.357 363.505 
   612.544 338.755 
   623.372 309.366 
   624.918 284.616 
   603.263 258.32 
   581.607 244.399 
   561.498 235.118 
   564.592 199.541 
   573.873 162.417 
   597.076 137.668 
   631.106 122.199 
}
