n_points:  50
{
   713 112 
   753.524 120.524 
   794.048 145 
   833.571 176.571 
   855.095 217.095 
   869 257.619 
   877 298.143 
   879 338.667 
   876 379.19 
   872 419.714 
   868 460.238 
   867 500.762 
   867 541.286 
   867 581.81 
   870 622.333 
   875 662.857 
   882 703.381 
   889 743.905 
   892 784.429 
   892 824.952 
   896 865.476 
   892 906 
   872.333 879.333 
   846.667 853.667 
   820 835 
   793.333 820.333 
   766.667 811 
   740 804 
   762.615 777.385 
   765 741.769 
   764 706.154 
   759 670.538 
   749.923 634.923 
   735.308 599.308 
   710.692 563.692 
   685.077 528.077 
   654 492.462 
   631.846 456.846 
   620 421.231 
   612 385.615 
   605 350 
   621 318.5 
   627 287 
   613.5 257 
   582 246 
   585 209.333 
   592 172.667 
   608 136 
   639.667 110 
   676.333 107 
}
