n_points: 66 {
687 71
706.833 77.5
726.667 84
746.5 94.1665
766.333 104.333
786.167 114.166
806 124
822.333 143.834
838.667 163.667
851.5 183.5
864.333 203.333
870.667 223.166
877 243
882.5 262.833
888 282.667
893 302.5
898 322.333
904 342.167
910 362
917 381.833
924 401.667
927 441.333
930 461.167
933 481
936.333 500.834
939.667 520.667
945 560.333
949 600
952.333 619.833
955.667 639.667
957 679.333
960 719
963.5 738.833
967 758.667
972 798.333
968 818.167
964 838
939 809.5
925 781
902.5 752.5
890 724
867.5 695.5
843 674
822.308 645.308
806 616.615
788.923 587.923
765.231 562.231
736.538 537.538
707.846 515.846
679.154 496.154
666 469.462
672.231 440.769
677 412.077
675 383.385
669 354.692
660 326
655 301
643 276
622 256
597 246
592 211
594 176
605 141
623 106
637.5 91.5
652 77
}
