n_points: 66 {
664 124
682.976 127
701.952 130
720.928 139.952
739.905 149.905
758.881 164.952
777.857 180
792.833 198.405
807.81 216.81
815.786 235.786
823.762 254.762
829.738 273.738
835.714 292.714
840 330.667
843 368.619
846 387.595
849 406.571
852 444.524
855 482.476
857.5 501.452
860 520.429
863.69 539.405
867.381 558.381
872.19 577.357
877 596.333
881.143 615.309
885.286 634.286
890.762 653.262
896.238 672.238
902.119 691.214
908 710.19
912 748.143
910 786.095
905 805.072
900 824.048
894.5 843.024
889 862
879 829.833
862.667 797.667
848.583 782.083
834.5 766.5
802.333 746
770.167 734
738 722
742 693.077
737 664.154
730 635.231
719.308 606.308
700.385 577.385
681 548.462
666 519.538
653.615 490.615
638 461.692
628 432.769
620 403.846
613 374.923
609 346
613 315
609 284
589 259
558 254
558 223.5
562 193
575.5 162.5
603 137
633.5 124
}
