n_points: 66 {
709.994 81.9819
744.024 91.2628
763.36 98.2234
782.695 105.184
815.178 126.84
831.42 142.308
847.662 157.776
863.904 170.151
880.145 182.526
897.16 213.462
906.441 232.024
915.722 250.586
922.683 273.788
929.643 296.991
938.924 334.115
943.564 354.997
948.205 375.879
951.299 398.308
954.393 420.737
958.26 443.94
962.127 467.142
965.22 488.024
968.314 508.906
971.408 530.562
974.502 552.218
976.822 576.193
979.142 600.169
980.689 621.052
982.236 641.934
989.97 680.604
995.385 704.58
1000.8 728.556
1004.66 750.985
1008.53 773.414
997.703 754.852
986.876 736.29
963.674 706.9
935.831 686.792
904.894 675.964
875.505 669.776
847.662 666.683
822.912 672.87
799.71 679.057
790.429 648.121
778.054 615.637
764.133 595.529
742.477 573.873
719.275 549.124
689.885 521.281
669.776 499.625
658.949 473.329
658.949 433.112
658.949 403.722
658.949 371.239
671.323 346.489
677.511 323.287
672.87 298.538
655.855 281.523
638.84 266.054
626.465 256.773
624.918 224.29
623.372 190.26
620.278 156.23
632.653 120.653
657.402 95.9033
683.698 83.5287
}
