n_points: 66 {
673 86
695.619 93.619
718.238 101.238
739.857 120.357
761.476 139.476
779.595 160.238
797.714 181
811.857 202.476
826 223.952
831.095 246.571
836.19 269.19
840.31 291.809
844.429 314.429
852 359.667
855 404.905
860 450.143
858 495.381
862 540.619
865 585.857
865 631.095
871 676.333
876.5 698.952
882 721.571
886 744.19
890 766.81
896.5 789.429
903 812.048
903 857.286
901 902.524
899 947.762
893 993
878 961.5
853 930
821.5 910
790 900
758.5 896
727 890
744.192 871.808
761.385 853.615
777 814.231
773 774.846
757.462 735.462
743.769 715.769
730.077 696.077
710.885 677.885
691.692 659.692
674 642.5
656.308 625.308
644.115 605.615
631.923 585.923
611.538 546.538
612 507.154
609 467.769
606 428.385
609 389
617 354
619 319
590 290
555 284
557 241
560 198
560 155
573.5 133.5
587 112
608.5 101.5
630 91
}
