n_points:  50
{
   664 62 
   702.81 73.8095 
   741.619 103.619 
   779.429 139.429 
   815.238 178.238 
   834 217.048 
   849 255.857 
   861.667 294.667 
   869.476 333.476 
   876 372.286 
   883 411.095 
   891 449.905 
   898 488.714 
   900 527.524 
   903.333 566.333 
   908 605.143 
   912 643.952 
   915 682.762 
   917 721.571 
   921 760.381 
   920 799.19 
   914 838 
   897.333 809.333 
   880.667 780.667 
   859 752 
   830.333 732 
   801.667 725 
   773 724 
   779 693.923 
   780 663.846 
   775 633.769 
   762.692 603.692 
   749.615 573.615 
   734.538 543.538 
   714.462 513.462 
   685.385 483.385 
   655.308 453.308 
   629 423.231 
   604.154 393.154 
   596 363.077 
   594 333 
   601.25 308.75 
   603 284.5 
   588.25 260.25 
   565 241 
   562 201.833 
   561 162.667 
   565 123.5 
   585.667 84.3334 
   624.833 65 
}
