n_points:  50
{
   656 63 
   699.667 76.6667 
   743.333 103 
   787 134 
   825.667 176.667 
   846 220.333 
   859 264 
   866 307.667 
   872 351.333 
   877 395 
   884 438.667 
   888 482.333 
   891 526 
   894.667 569.667 
   899.333 613.333 
   904 657 
   910 700.667 
   918 744.333 
   925 788 
   922 831.667 
   912 875.333 
   899 919 
   885 887 
   862 855 
   832 826 
   800 804 
   768 799 
   736 803 
   732 767.615 
   728 732.231 
   721 696.846 
   709.462 661.462 
   695.077 626.077 
   678.692 590.692 
   655.308 555.308 
   631 519.923 
   611.538 484.538 
   598 449.154 
   592 413.769 
   592 378.385 
   580 343 
   587 322.5 
   588 302 
   577.5 281.5 
   558 263 
   557 219.333 
   555 175.667 
   555 132 
   568.667 88.3334 
   612.333 64 
}
