n_points: 66 {
659 76
699.619 85
719.928 100.619
740.238 116.238
760.548 133.048
780.857 149.857
793.928 169.666
807 189.476
817.5 209.786
828 230.095
835.5 250.404
843 270.714
848 291.024
853 311.333
862 351.952
870 392.571
875 412.88
880 433.19
887.81 473.81
892.405 494.12
897 514.429
905 555.048
912 595.667
919.286 636.286
926 676.905
932 717.524
938 758.143
942 798.762
944 839.381
939 859.69
934 880
909.833 846.833
895.75 831.25
881.667 815.667
848.5 797
815.333 784.333
782.167 780
749 781
742 750.308
728.615 719.615
712 688.923
697 658.231
682.538 627.538
660 596.846
638.154 566.154
617.462 535.462
595.769 504.769
584 474.077
586 443.385
590 412.692
596 382
598 360.25
596.5 338.5
586.75 316.75
566 297
561.167 274.666
556.333 252.333
553.667 230
551 207.667
552.5 185.334
554 163
563.333 140.666
572.667 118.333
593.5 103.166
614.333 88
636.667 82
}
