n_points:  50
{
   622 87 
   661.238 100 
   700.476 126.476 
   739.714 162.714 
   776 201.952 
   800.19 241.19 
   817 280.429 
   826 319.667 
   835 358.905 
   843 398.143 
   850 437.381 
   857.619 476.619 
   867 515.857 
   878 555.095 
   886 594.333 
   896 633.571 
   911.81 672.81 
   928.048 712.048 
   940 751.286 
   949 790.524 
   956 829.762 
   961 869 
   939 842 
   914 815 
   887 794 
   860 779 
   833 767 
   806 761 
   790.308 727.308 
   774.615 693.615 
   756 659.923 
   730.231 626.231 
   708.538 592.538 
   677.846 562.846 
   646.154 530.154 
   616.462 497.462 
   607 463.769 
   615.923 430.077 
   611 396.385 
   599.692 362.692 
   588 329 
   583 305.5 
   569 282 
   549.5 262 
   526 257 
   522 219.5 
   522 182 
   527 144.5 
   547 108 
   584.5 92 
}
