n_points:  46
{
   671.323 88.1691 
   702.26 95.9033 
   737.837 112.919 
   768.773 134.574 
   801.257 162.417 
   829.1 196.447 
   852.302 233.571 
   869.317 266.055 
   884.786 304.725 
   900.254 351.13 
   914.175 403.722 
   925.003 460.955 
   934.284 538.296 
   943.565 601.716 
   952.846 657.402 
   959.033 717.728 
   955.94 762.586 
   959.033 815.178 
   938.924 798.163 
   925.003 770.32 
   903.347 748.665 
   864.677 733.196 
   835.287 730.103 
   804.35 723.916 
   787.335 714.635 
   790.429 689.886 
   785.789 646.574 
   787.335 610.997 
   771.867 573.873 
   748.665 538.296 
   720.822 494.985 
   686.792 470.236 
   660.495 451.674 
   649.668 419.191 
   638.84 388.254 
   624.918 349.583 
   618.731 323.287 
   621.825 304.725 
   634.199 281.523 
   634.199 253.68 
   618.731 227.384 
   597.076 213.463 
   592.435 173.245 
   597.076 137.668 
   606.357 108.278 
   629.559 89.716 
}
