n_points: 66 {
662 167
682.238 172.238
702.476 177.476
722.714 189.714
742.952 201.952
760.976 220.69
779 239.429
792.452 259.667
805.905 279.905
814.952 300.143
824 320.381
829 360.857
831 401.333
833 441.81
836 482.286
843 522.762
845 563.238
849 603.714
853 644.19
857 684.667
860 725.143
864 765.619
872 806.095
877.5 826.333
883 846.571
887.5 866.81
892 887.048
896 927.524
894 968
869.167 941.167
846.333 916.333
819.5 896.5
792.667 882
765.833 876
739 874
773.308 856.692
789 822.385
787 788.077
775 753.769
762.231 736.615
749.462 719.462
732.308 703.808
715.154 688.154
698 674
680.846 659.846
663.692 645.192
646.538 630.538
632.385 613.385
618.231 596.231
605.577 579.077
592.923 561.923
579 527.615
576 493.308
575 459
588 428.25
586.5 397.5
568.75 371
538 359
543 318
548 277
554 236
567 216.5
580 197
600.5 186
621 175
641.5 171
}
