n_points:  49
{
   692.979 74.2477 
   739.384 86.6224 
   764.133 108.278 
   788.882 129.934 
   815.178 148.495 
   839.927 168.604 
   861.583 196.447 
   875.505 232.024 
   884.786 270.695 
   897.16 309.366 
   911.082 355.77 
   923.456 392.894 
   937.378 442.393 
   946.659 493.438 
   957.486 547.577 
   959.033 601.716 
   962.127 660.495 
   971.408 719.275 
   977.595 764.133 
   980.689 802.804 
   979.142 841.474 
   971.408 878.598 
   954.393 839.927 
   935.831 807.444 
   911.082 781.148 
   878.598 765.68 
   855.396 757.946 
   832.193 748.665 
   839.927 727.009 
   824.459 680.604 
   813.631 649.668 
   788.882 604.81 
   762.586 570.779 
   733.196 536.749 
   697.619 499.625 
   662.042 464.048 
   654.222 417.684 
   643.48 389.801 
   628.772 362.292 
   615.298 333.848 
   614.091 309.366 
   615.637 278.429 
   598.622 253.68 
   584.701 241.305 
   581.607 202.634 
   580.06 157.776 
   590.888 122.199 
   620.278 92.8097 
   655.855 77.3414 
}
