n_points: 66 {
628.012 66.5136
663.589 74.2477
685.245 85.0755
713.088 105.184
731.65 122.199
751.758 142.308
770.32 162.417
785.789 185.619
796.616 216.556
810.538 249.039
815.952 269.148
821.366 289.257
826.006 309.365
830.647 329.474
835.287 368.145
839.154 389.027
843.021 409.909
844.568 447.033
845.341 470.236
846.115 493.438
844.568 533.656
844.568 554.538
844.568 575.42
856.943 609.45
864.677 628.785
872.411 648.121
878.598 686.792
880.145 711.541
881.692 736.29
880.145 776.508
878.598 816.725
867.77 849.208
855.396 881.692
830.647 852.302
819.819 827.553
799.71 813.631
770.32 801.257
744.024 787.335
733.196 757.946
734.743 728.556
742.477 697.619
742.477 662.042
733.196 637.293
713.088 607.903
700.713 590.115
688.338 572.326
666.683 541.39
649.668 508.906
634.199 474.876
618.731 437.752
604.81 403.722
600.169 365.051
593.982 338.755
595.529 318.647
600.169 298.538
607.903 276.882
609.45 253.68
598.622 235.118
578.514 224.29
558.405 222.743
546.03 219.65
542.937 194.9
547.577 157.776
555.311 120.653
573.873 86.6224
595.529 69.6073
}
