n_points:  50
{
   668 51 
   711.381 74 
   754.762 105 
   793.143 147.143 
   821.524 190.524 
   840 233.905 
   854 277.286 
   861 320.667 
   865 364.048 
   867 407.429 
   869 450.81 
   866 494.19 
   864 537.571 
   862 580.952 
   860 624.333 
   860 667.714 
   860 711.095 
   860 754.476 
   858 797.857 
   854 841.238 
   848 884.619 
   834 928 
   819 890.667 
   797.333 853.333 
   765 816 
   728.667 788.667 
   691.333 773 
   654 763 
   669 729.538 
   676.923 696.077 
   679 662.615 
   675.154 629.154 
   668 595.692 
   657 562.231 
   643.769 528.769 
   626.308 495.308 
   610 461.846 
   602 428.385 
   597.923 394.923 
   593 361.462 
   580 328 
   580 308.5 
   578 289 
   572 269.5 
   557 252 
   559 211.333 
   562 170.667 
   570 130 
   590.667 89.3334 
   627.333 60.6666 
}
