n_points: 66 {
705 90
727.5 97
750 104
772.5 116.5
795 129
814.5 150
834 171
848 193.5
862 216
870 238.5
878 261
882 283.5
886 306
889 328.5
892 351
897 396
901 441
906 486
908 531
908 576
913 621
917.5 643.5
922 666
928 688.5
934 711
941.5 733.5
949 756
955 778.5
961 801
964 823.5
967 846
968 891
971 913.5
974 936
971 981
958 962
945 943
928 924
911 905
873 884
835 864
797 846
759 841
763.385 807.615
764 774.231
757 740.846
748 707.462
739 674.077
729 640.692
712.308 607.308
691 573.923
673.538 540.538
658 507.154
655 473.769
655 440.385
650 407
660 375.5
655 344
637.5 314
606 299
604 258.833
608 218.667
617 178.5
632 138.333
648.417 118.666
664.833 99
}
