n_points:  46
{
   675.964 86.6224 
   713.087 97.4501 
   744.024 112.918 
   770.32 134.574 
   796.616 153.136 
   824.459 187.166 
   846.115 222.743 
   861.583 267.601 
   877.051 318.647 
   892.519 383.613 
   897.16 431.565 
   903.347 488.798 
   911.081 539.843 
   914.175 597.076 
   921.909 641.934 
   932.737 689.885 
   945.112 728.556 
   949.752 765.68 
   955.939 796.616 
   937.377 784.242 
   917.269 761.039 
   895.613 742.477 
   872.411 730.103 
   844.568 720.822 
   846.115 699.166 
   841.474 671.323 
   835.287 638.84 
   816.725 607.903 
   799.71 575.42 
   781.148 550.671 
   759.492 529.015 
   733.196 502.719 
   708.447 477.97 
   682.151 450.127 
   663.589 428.471 
   668.23 394.441 
   668.23 354.224 
   655.855 320.193 
   640.387 296.991 
   623.371 273.789 
   609.45 255.227 
   600.169 213.462 
   597.075 167.057 
   601.716 129.934 
   612.544 105.184 
   637.293 92.8097 
}
