n_points: 66 {
705 60
725.643 67.5
746.286 75
766.928 93.2855
787.571 111.571
803.785 132.214
820 152.857
829.5 173.5
839 194.143
847 214.786
855 235.429
861 256.072
867 276.714
876 318
884 359.286
893 400.571
900 441.857
911 483.143
921 524.429
930 565.714
941 607
948 627.643
955 648.286
963 689.571
968.928 710.214
974.857 730.857
981.428 751.5
988 772.143
988 813.429
986 854.714
983 896
972.75 876.25
962.5 856.5
942.75 838.75
923 821
903.25 805.25
883.5 789.5
863.75 778.25
844 767
804.5 758
765 752
794.308 722.692
804 687.385
799 652.077
784.769 616.769
772.115 599.115
759.462 581.462
746.808 563.808
734.154 546.154
719 528.5
703.846 510.846
679.538 475.538
663.231 440.231
655 404.923
652 369.615
651 334.308
652 299
658 265.5
660 232
637.5 202
604 193
602 160.667
604 128.333
613 96
640.333 73
672.667 65
}
