n_points:  56
{
   672.187 67.3684 
   706.62 74.8538 
   733.567 88.3275 
   754.526 112.281 
   773.988 134.737 
   790.456 152.702 
   812.912 173.661 
   833.871 205.099 
   845.848 236.538 
   859.322 272.468 
   871.298 315.883 
   883.275 368.281 
   896.749 425.17 
   904.234 485.053 
   913.216 550.924 
   922.199 619.789 
   934.175 691.649 
   950.643 747.041 
   965.614 797.942 
   973.099 851.836 
   970.105 901.24 
   968.608 944.655 
   965.614 973.099 
   947.649 941.661 
   926.69 908.725 
   899.743 883.275 
   863.813 857.825 
   835.368 841.357 
   794.947 832.374 
   776.982 829.38 
   790.456 811.415 
   796.444 785.965 
   785.965 748.538 
   773.988 712.608 
   762.012 679.673 
   744.047 640.749 
   724.585 600.328 
   697.637 562.901 
   673.684 531.462 
   651.228 494.035 
   630.269 453.614 
   609.31 426.667 
   598.83 384.749 
   595.836 336.842 
   607.813 318.877 
   612.304 300.912 
   609.31 276.959 
   594.339 257.497 
   574.877 245.52 
   558.409 229.053 
   556.912 200.608 
   558.409 161.684 
   562.901 130.246 
   577.871 106.292 
   603.322 85.3333 
   633.263 71.8596 
}
