n_points: 66 {
674.417 4.64048
709.994 15.4683
737.837 32.4834
754.852 47.9517
774.961 69.6073
801.257 91.2628
815.178 109.825
827.553 140.761
833.74 171.698
839.927 210.369
843.021 234.344
846.115 258.32
848.435 284.616
850.755 310.912
852.302 337.208
853.849 363.505
855.396 388.254
856.943 413.003
857.716 439.299
858.489 465.595
861.583 490.345
864.677 515.094
867.771 548.351
870.864 581.607
875.505 604.809
880.145 628.012
883.238 651.988
886.332 675.964
887.106 702.26
887.879 728.556
884.785 761.04
881.692 793.523
856.943 762.586
833.74 737.837
813.631 725.462
816.725 688.338
819.819 655.855
812.085 618.731
795.069 583.154
784.241 564.592
773.414 546.03
748.665 516.641
720.822 490.344
696.073 465.595
671.323 439.299
652.761 409.909
648.894 389.8
645.027 369.692
629.559 338.755
623.372 304.725
628.012 278.429
637.293 255.227
637.293 230.477
624.918 205.728
603.263 193.353
580.06 190.26
566.139 190.26
563.045 153.136
562.272 132.254
561.498 111.372
563.819 88.9428
566.139 66.5136
578.514 37.1239
600.169 20.1088
624.918 12.3746
657.402 7.73414
}
