n_points: 66 {
621.825 103.637
657.402 111.372
683.698 123.746
709.994 148.495
727.783 163.19
745.571 177.885
771.867 205.728
790.429 241.305
798.163 263.734
805.897 286.163
809.764 307.045
813.631 327.927
815.952 351.13
818.272 374.332
821.365 395.987
824.459 417.643
826.006 439.299
827.553 460.955
829.873 482.611
832.193 504.266
833.74 525.922
835.287 547.577
837.607 570.779
839.927 593.982
842.247 617.184
844.568 640.387
846.888 664.362
849.208 688.338
853.075 710.767
856.943 733.196
863.13 768.773
863.13 798.163
861.583 824.459
855.396 852.302
838.381 819.819
818.272 798.163
795.069 781.148
773.414 770.32
754.852 764.133
744.024 736.29
734.743 699.166
720.822 668.23
703.807 637.293
694.526 617.185
685.245 597.076
674.417 579.287
663.589 561.498
643.48 536.749
631.106 519.734
618.731 502.719
608.677 481.063
598.622 459.408
588.568 437.752
578.514 416.097
569.233 380.52
575.42 351.13
580.06 326.381
569.233 306.272
556.858 292.35
546.03 286.163
536.749 255.227
532.109 215.009
535.202 179.432
541.39 139.215
558.405 116.012
584.701 105.184
}
