n_points: 66 {
709 38
732.905 46.9047
756.81 55.8095
780.715 76.7142
804.619 97.619
827.31 118.524
850 139.429
865.5 163.334
881 187.238
889.524 211.143
898.048 235.048
904.524 258.952
911 282.857
914.5 306.762
918 330.667
921.238 354.572
924.476 378.476
926.381 402.381
928.286 426.286
930.143 450.191
932 474.095
934 498
936 521.905
938 569.714
939.5 593.619
941 617.524
942.5 641.428
944 665.333
945 713.143
946 760.952
948 808.762
948 856.571
947 904.381
941.5 928.285
936 952.19
920 976.095
904 1000
875 986
854 955
823 925
792 902
761 890
730 884
723 839.231
721.462 794.462
713 749.692
702.923 704.923
693.462 682.538
684 660.154
669.385 615.385
666 570.615
652.846 525.846
640 481.077
641 436.308
644 391.538
651 346.769
658 302
658 274.5
653 247
633.5 221
606 207
604 167.667
603 128.333
605 89
630.333 49.6666
669.667 40
}
