n_points: 66 {
670 96
690.285 101.785
710.571 107.571
730.857 122.285
751.143 137
771.428 152.857
791.714 168.714
808.5 188
825.286 207.286
835.643 227.572
846 247.857
851.5 268.143
857 288.429
860.5 308.714
864 329
866.5 349.286
869 369.571
871 410.143
874 450.714
877 491.286
879.857 531.857
883 572.429
887 613
889.5 633.285
892 653.571
896.072 673.857
900.143 694.143
904.072 714.428
908 734.714
911 755
914 775.286
916 815.857
912 856.429
906 876.715
900 897
893 869.667
880 842.333
857 815
829.667 790.667
802.333 780
775 778
769 744.769
762 711.538
748.308 678.308
731.077 645.077
709 611.846
693.808 595.231
678.615 578.615
665.308 562
652 545.385
635 512.154
622 478.923
626 445.692
627 412.462
632 379.231
633 346
648 310.75
646 275.5
634.625 258.375
623.25 241.25
588 229
586 199.833
586 170.667
592 141.5
611.667 113.333
640.833 99
}
