n_points:  46
{
   654.308 66.5136 
   686.792 74.2477 
   713.088 86.6224 
   740.931 102.091 
   767.227 120.653 
   785.789 140.761 
   802.804 173.245 
   818.272 207.275 
   826.006 256.773 
   835.287 304.725 
   843.021 358.864 
   847.662 409.909 
   856.943 465.595 
   867.77 518.187 
   878.598 576.967 
   884.786 631.106 
   900.254 669.776 
   901.801 699.166 
   900.254 722.369 
   883.239 700.713 
   863.13 682.151 
   836.834 668.23 
   818.272 663.589 
   791.976 658.949 
   781.148 637.293 
   768.773 603.263 
   742.477 567.686 
   709.994 538.296 
   682.151 513.547 
   651.214 485.704 
   624.918 467.142 
   601.716 448.58 
   578.514 420.737 
   572.326 386.707 
   567.686 346.489 
   570.779 314.006 
   586.248 290.804 
   598.622 259.867 
   598.622 232.024 
   584.701 211.915 
   561.498 208.822 
   558.405 176.338 
   559.952 131.48 
   561.498 108.278 
   587.795 86.6224 
   618.731 71.1541 
}
