n_points: 66 {
713.088 173.245
739.384 185.619
767.227 201.088
799.71 224.29
814.405 240.531
829.1 256.773
852.302 293.897
869.317 334.115
876.278 354.997
883.239 375.879
889.426 414.55
894.84 440.846
900.254 467.142
902.574 491.891
904.894 516.641
907.215 540.616
909.535 564.592
911.855 589.341
914.175 614.091
915.722 645.801
917.269 677.511
918.816 707.674
920.363 737.837
921.909 766.453
923.456 795.069
926.55 825.232
929.643 855.396
929.643 883.239
929.643 911.082
923.456 951.299
914.948 973.728
906.441 996.157
894.066 965.221
873.958 934.284
847.662 907.988
813.631 889.426
785.789 873.958
761.039 863.13
765.68 829.1
762.586 790.429
754.079 769.547
745.571 748.665
734.743 727.783
723.915 706.9
713.861 682.151
703.807 657.402
692.979 635.746
682.151 614.091
670.55 592.435
658.949 570.779
638.84 535.202
620.278 498.079
620.278 474.876
620.278 451.674
635.746 420.737
629.559 386.707
617.184 365.051
606.357 354.224
607.904 331.022
609.45 307.819
610.997 285.39
612.544 262.961
618.731 239.759
624.918 216.556
649.668 193.353
680.604 177.885
}
