n_points:  50
{
   681 25 
   716.571 35.5714 
   752.143 64.1429 
   787.714 91.7143 
   811 125.286 
   825 160.857 
   834 196.429 
   838 232 
   841 267.571 
   844 303.143 
   844 338.714 
   841 374.286 
   837 409.857 
   834 445.429 
   833 481 
   837 516.571 
   842.143 552.143 
   849.714 587.714 
   860 623.286 
   865.857 658.857 
   868 694.429 
   863 730 
   853.167 711.167 
   836.333 692.333 
   817.5 674.5 
   798.667 659.667 
   779.833 650 
   761 643 
   759 616.308 
   756.615 589.615 
   749.923 562.923 
   736.231 536.231 
   716.538 509.538 
   691.846 483.846 
   665.154 457.154 
   643 430.462 
   618.769 404.769 
   609 379.077 
   610 352.385 
   613 325.692 
   613 299 
   621 265.75 
   621 232.5 
   594.25 210.25 
   561 206 
   560 165.667 
   565 125.333 
   574 85 
   600.333 45.6666 
   640.667 24 
}
