n_points:  45
{
   648.121 86.6224 
   672.87 89.716 
   705.353 106.731 
   734.743 128.387 
   761.039 148.495 
   784.242 177.885 
   805.897 210.369 
   822.912 238.211 
   833.74 278.429 
   843.021 324.834 
   852.302 371.239 
   863.13 426.924 
   869.317 477.97 
   873.958 525.921 
   880.145 586.248 
   890.973 641.934 
   900.254 685.245 
   898.707 711.541 
   881.692 694.526 
   866.224 682.151 
   849.208 672.87 
   829.1 666.683 
   808.991 663.589 
   799.71 637.293 
   778.054 603.263 
   750.211 566.139 
   722.369 532.109 
   692.979 501.172 
   663.589 471.782 
   637.293 442.393 
   617.184 413.003 
   617.184 388.254 
   628.012 354.224 
   634.199 312.459 
   631.106 283.069 
   621.825 250.586 
   609.45 232.024 
   584.701 219.65 
   566.139 210.369 
   552.218 207.275 
   552.218 171.698 
   556.858 134.574 
   573.873 111.372 
   595.529 94.3565 
   621.825 85.0755 
}
