n_points: 66 {
648.121 100.544
675.964 105.184
700.713 116.012
725.462 133.027
750.211 156.23
774.961 176.338
801.257 196.447
832.193 221.196
846.114 241.305
860.036 261.414
870.091 279.202
880.145 296.991
887.106 317.873
894.066 338.755
900.254 360.41
906.441 382.066
911.082 402.175
915.722 422.284
920.363 454.767
924.23 475.649
928.097 496.532
930.417 517.414
932.737 538.296
938.151 566.913
943.565 595.529
947.432 621.825
951.299 648.121
955.939 669.003
960.58 689.885
965.994 709.994
971.408 730.103
968.314 762.586
957.486 744.798
946.659 727.009
921.909 706.9
895.613 689.885
864.677 679.057
832.193 677.511
808.991 675.964
788.882 679.057
788.882 657.402
790.429 631.106
782.695 610.997
767.227 587.795
740.931 556.858
725.463 542.937
709.994 529.015
682.151 508.906
651.214 490.344
626.465 460.955
614.091 426.924
614.091 394.441
612.544 361.958
612.544 332.568
615.298 306.901
617.184 284.616
607.903 250.586
586.248 230.477
563.045 228.931
544.483 230.477
546.803 209.595
549.124 188.713
556.858 156.23
572.326 134.574
592.435 119.106
618.731 106.731
}
