n_points: 66 {
690 107
713.215 115.5
736.429 124
759.643 135.428
782.857 146.857
806.072 161.072
829.286 175.286
849 197.5
868.714 219.714
878.857 242.928
889 266.143
899 289.357
909 312.571
915 335.786
921 359
925.5 382.214
930 405.429
933 428.643
936 451.857
941 475.072
946 498.286
948.5 521.5
951 544.714
954 591.143
957 637.571
959.5 660.785
962 684
965 730.429
968 776.857
968 823.286
968 869.714
965 916.143
961.215 939.357
957.429 962.571
949.715 985.785
942 1009
919 972
905 932
892.5 912
880 892
863 873
846 854
806 837
766 840
764.846 806.154
763.308 772.308
756 738.462
742.615 704.615
723 670.769
702.923 636.923
680.077 603.077
653.231 569.231
634.385 535.385
619 501.538
612 467.692
604.846 433.846
599 400
607.5 361.5
615 323
607.5 285
569 274
574 235.333
579.333 196.667
587 158
612.667 122.333
651.333 105
}
