n_points: 66 {
662 59
681.5 64.5
701 70
720.5 84
740 98
758 117
776 136
788.5 155.5
801 175
809.5 194.5
818 214
823 233.5
828 253
833 272.5
838 292
843 331
849 370
854 409
860 448
858 487
858 526
862 565
868 604
875 643
879.5 662.5
884 682
890 721
887 760
883 779.5
879 799
873.5 818.5
868 838
859.583 818.083
851.167 798.167
841.75 778.25
832.333 758.333
812.917 741.917
793.5 725.5
773.583 716.25
753.667 707
733.75 705.5
713.833 704
693.917 703
674 702
693.923 671.077
704 640.154
698.231 609.231
683.308 578.308
668.385 547.385
658 516.462
644 485.538
628 454.615
613.692 423.692
599.769 392.769
594 361.846
592 330.923
592 300
606 274
607 248
594 222
569 209
567 177
567 145
577 113
599 81
630 63
}
