n_points: 66 {
687 80
706.595 86.5952
726.19 93.1905
745.785 104.786
765.381 116.381
781.19 135.476
797 154.571
808.881 174.166
820.762 193.762
827.881 213.357
835 232.952
838.5 252.547
842 272.143
847 311.333
849 350.524
849 389.714
849 428.905
848 468.095
846 507.286
844 546.476
845 585.667
851 624.857
856.5 644.452
862 664.048
867.5 683.643
873 703.238
878.5 722.833
884 742.429
888 762.024
892 781.619
894 820.81
894 860
870.5 836.5
847 820
823.5 809
800 802
776.5 796
753 792
770.808 778.692
788.615 765.385
789 729.769
774.154 694.154
764.346 676.346
754.538 658.538
742.231 640.731
729.923 622.923
717.462 605.115
705 587.308
691.346 569.5
677.692 551.692
661 516.077
653 480.462
649.846 444.846
646 409.231
638.615 373.615
634 338
642 308.5
645 279
631.5 250
602 234
594 199.167
594 164.333
596.5 129.5
606.917 112.083
617.333 94.6666
652.167 79
}
