n_points: 66 {
629.559 78.8882
657.402 85.0755
680.604 100.544
703.807 123.746
722.369 139.215
740.931 153.136
754.852 174.792
768.773 207.275
782.695 239.758
793.523 272.242
799.71 314.006
807.444 354.224
812.084 376.653
816.725 399.082
824.459 437.752
827.553 482.61
831.42 508.906
835.287 535.202
841.474 573.873
852.302 617.184
863.13 651.214
869.317 682.151
870.864 706.127
872.411 730.103
871.638 757.172
870.864 784.242
869.317 822.912
864.677 856.943
853.849 898.707
836.834 864.677
824.459 836.834
801.257 807.444
779.601 793.523
750.211 787.335
731.65 785.789
733.196 762.586
734.743 734.743
734.743 706.9
730.103 675.964
719.275 646.574
705.353 618.731
683.698 583.154
665.136 553.764
640.387 519.734
617.184 488.798
590.888 460.955
575.42 430.018
573.873 400.628
575.42 369.692
576 344
578 322
578 322
578 323
584 305
594 278
590 256
578 236
558.405 224.29
539.843 222.743
518.187 227.384
519.734 196.447
521.281 165.511
533.656 137.668
555.311 109.825
575.42 91.2628
601.716 81.9819
}
