n_points: 66 {
682.151 60.3263
714.634 64.9668
747.118 78.8882
768.773 100.544
799.71 120.653
821.366 146.949
827.553 177.885
836.834 218.103
839.927 256.773
843.021 298.538
850.755 337.208
852.302 363.505
853.849 389.801
858.489 431.565
861.583 457.861
864.677 484.157
865.451 511.226
866.224 538.296
869.317 563.045
872.411 587.795
877.052 610.224
881.692 632.653
885.559 655.855
889.426 679.057
895.613 713.088
898.707 734.744
901.801 756.399
900.254 790.429
892.52 813.631
864.677 798.163
836.834 787.335
807.444 773.414
778.054 765.68
751.758 762.586
720.822 757.946
742.477 742.477
759.492 727.009
770.32 708.447
776.508 682.151
776.508 648.121
767.227 615.637
748.665 586.248
731.65 564.592
708.447 539.843
685.245 521.281
658.949 499.625
641.934 474.876
628.012 448.58
610.997 411.456
598.622 386.707
590.888 358.864
580.06 326.381
592.435 309.366
604.81 295.444
607.903 273.789
593.982 252.133
578.514 239.758
558.405 236.665
547.577 221.196
541.39 193.353
542.937 159.323
552.218 128.387
573.873 100.544
601.716 77.3414
634.199 66.5136
658.949 61.8731
}
