n_points:  50
{
   688 175 
   725.714 191.714 
   763.429 219.429 
   801.143 249.143 
   831.857 286.857 
   848.571 324.571 
   863 362.286 
   873 400 
   878.714 437.714 
   883 475.429 
   888 513.143 
   893 550.857 
   893 588.571 
   891 626.286 
   886 664 
   888 701.714 
   891 739.429 
   896 777.143 
   901 814.857 
   904 852.571 
   905 890.286 
   906 928 
   888.667 905.667 
   876.333 883.333 
   854 862 
   831.667 845.667 
   809.333 830 
   787 820 
   780 788.846 
   770 757.692 
   759 726.538 
   746.385 695.385 
   732.231 664.231 
   709.077 633.077 
   690.923 601.923 
   659.769 570.769 
   634.615 539.615 
   611.462 508.462 
   596.308 477.308 
   597 446.154 
   596 415 
   619 383 
   625 351 
   610 319 
   579 300 
   582 268.667 
   590 237.333 
   602 206 
   625.333 182.667 
   656.667 175 
}
