n_points: 66 {
631 96
665.857 101.857
683.285 109.785
700.714 117.714
718.143 131.642
735.571 145.571
750.5 163
765.429 180.429
774.215 197.858
783 215.286
792.072 232.714
801.143 250.143
808.072 267.572
815 285
821 302.428
827 319.857
831.857 337.286
836.714 354.714
841.143 372.143
845.571 389.571
849.785 407
854 424.429
858 459.286
861 494.143
862 529
867 563.857
873 598.714
881 633.571
887 668.429
891 703.286
893 738.143
891 773
874.333 750.333
854.667 727.667
832 709
809.333 699.333
786.667 690.667
764 682
756.615 655.615
745.231 629.231
729.846 602.846
713 576.462
692.077 550.077
667.692 526.692
641.308 506
617.923 479.923
596.538 453.538
582 427.154
580 400.769
583 374.385
588 348
588 326.75
585 305.5
572.25 284.25
552 269
550.5 251.084
549 233.167
547 215.25
545 197.333
545 179.416
545 161.5
552.167 143.584
559.333 125.667
577.25 112.334
595.167 99
613.083 97.5
}
