n_points:  50
{
   747 111 
   787.429 116.429 
   826.857 141.857 
   864.286 182.286 
   890 222.714 
   904 263.143 
   907 303.571 
   910 344 
   909 384.429 
   906 424.857 
   905 465.286 
   904 505.714 
   903 546.143 
   902 586.571 
   901 627 
   899 667.429 
   904 707.857 
   911 748.286 
   917 788.714 
   918.857 829.143 
   915 869.571 
   906 910 
   886.5 869.5 
   846 837 
   805.5 827 
   765 821 
   724.5 813 
   684 804 
   723.615 797 
   763.231 784 
   788 749.154 
   793 709.538 
   779.923 669.923 
   753 630.308 
   725.692 590.692 
   704 551.077 
   690 511.462 
   678 471.846 
   674 432.231 
   676 392.615 
   679 353 
   679 327 
   674 301 
   648 281 
   622 275 
   621 236.333 
   627 197.667 
   640 159 
   669.667 122.333 
   708.333 114 
}
