n_points: 66 {
657.402 61.8731
692.979 68.0604
722.369 81.9819
750.211 106.731
774.961 136.121
795.069 157.776
815.178 177.885
832.193 213.462
841.474 244.399
853.849 278.429
864.677 320.193
870.091 341.849
875.505 363.505
877.052 389.028
878.598 414.55
885.559 441.62
892.52 468.689
897.933 494.985
903.347 521.281
904.12 547.577
904.894 573.873
907.215 600.942
909.535 628.012
912.629 652.761
915.722 677.511
920.362 703.034
925.003 728.556
926.55 770.32
927.323 795.843
928.097 821.366
925.003 860.036
921.909 883.238
918.816 906.441
903.348 884.785
887.879 863.13
873.184 844.568
858.489 826.006
833.74 805.897
801.257 793.523
801.257 761.039
799.71 720.822
787.335 680.604
767.227 643.48
747.118 604.81
733.97 584.701
720.822 564.592
706.127 547.577
691.432 530.562
676.737 511.226
662.042 491.891
648.894 473.329
635.746 454.767
621.824 434.659
607.903 414.55
586.248 375.879
593.982 346.489
604.81 314.006
604.81 286.163
589.341 273.789
567.686 261.414
561.498 221.196
560.725 193.353
559.952 165.511
566.139 122.199
586.248 89.716
615.637 71.1541
}
