n_points:  44
{
   682.151 160.87 
   719.275 163.964 
   757.946 182.526 
   791.976 207.275 
   824.459 238.211 
   850.755 269.148 
   883.239 315.553 
   900.254 351.13 
   911.082 388.254 
   925.003 440.846 
   932.737 505.813 
   943.565 570.779 
   942.018 641.934 
   943.565 706.9 
   948.205 770.32 
   952.846 816.725 
   955.94 866.224 
   934.284 838.381 
   917.269 826.006 
   895.613 818.272 
   872.411 812.085 
   866.224 784.242 
   853.849 753.305 
   835.287 708.447 
   807.444 680.604 
   774.961 654.308 
   745.571 632.653 
   720.822 604.81 
   700.713 576.967 
   669.776 539.843 
   645.027 508.906 
   628.012 477.97 
   617.184 454.767 
   623.372 434.659 
   628.012 414.55 
   624.918 392.894 
   609.45 366.598 
   578.514 337.208 
   576.967 298.538 
   578.514 261.414 
   581.607 221.196 
   589.341 191.807 
   614.091 170.151 
   649.668 159.323 
}
