n_points:  50
{
   651 62 
   680.667 71.6667 
   710.333 89.3333 
   740 111 
   769.667 135.667 
   796.333 163.333 
   817 193 
   832 222.667 
   841 252.333 
   846 282 
   849 311.667 
   850 341.333 
   849 371 
   848 400.667 
   847 430.333 
   844 460 
   842 489.667 
   841 519.333 
   844 549 
   850 578.667 
   860.333 608.333 
   869 638 
   855.5 623.5 
   841 612 
   826.5 603 
   812 596 
   797.5 590 
   783 586 
   770 562.308 
   748.615 538.615 
   728 514.923 
   708.231 491.231 
   688.538 467.538 
   671 443.846 
   660 420.154 
   660 396.462 
   659 372.769 
   658 349.077 
   656 325.385 
   650 301.692 
   641 278 
   638 259.5 
   624 241 
   605.5 231 
   587 229 
   585 194 
   582 159 
   581 124 
   586 89 
   616 65 
}
