n_points:  52
{
   661 63 
   679 63 
   700 71 
   727 90 
   748 107 
   768 127 
   787 151 
   814 179 
   834 209 
   846 242 
   854 278 
   865 314 
   874 354 
   887 400 
   896 438 
   908 480 
   919 530 
   931 581 
   940 625 
   947 667 
   952 735 
   932 714 
   913 695 
   890 679 
   862 665 
   836 655 
   816 651 
   796 649 
   795 629 
   791 608 
   777 571 
   758 539 
   733 506 
   702 475 
   669 449 
   640 427 
   616 400 
   601 371 
   585 344 
   585 322 
   602 310 
   609 289 
   613 262 
   602 238 
   588 224 
   579 221 
   574 194 
   574 154 
   575 115 
   592 86 
   619 66 
   641 62 
}
