n_points:  50
{
   707 101 
   751.857 113.857 
   796.714 140 
   838.571 171.571 
   859 216.429 
   876.286 261.286 
   888 306.143 
   898 351 
   906 395.857 
   913 440.714 
   918 485.571 
   925 530.429 
   932 575.286 
   937 620.143 
   940 665 
   943 709.857 
   947 754.714 
   951 799.571 
   953 844.429 
   951 889.286 
   943 934.143 
   925 979 
   912 945.667 
   894.333 912.333 
   866 880 
   832.667 862.667 
   799.333 845 
   766 834 
   781 797.231 
   785 760.462 
   783 723.692 
   775 686.923 
   765 650.154 
   754 613.385 
   739 576.615 
   719.846 539.846 
   697.077 503.077 
   681 466.308 
   676.538 429.538 
   668 392.769 
   653 356 
   659 333.75 
   656.5 311.5 
   645.25 289.25 
   625 275 
   623 238.833 
   621 202.667 
   621 166.5 
   634.667 130.333 
   670.833 108.167 
}
