n_points:  47
{
   686.013 105.969 
   711.669 114.893 
   728.401 119.355 
   754.057 131.625 
   775.251 143.895 
   796.444 167.32 
   818.754 191.861 
   838.832 219.747 
   858.911 256.558 
   872.296 291.137 
   883.451 329.063 
   893.49 369.22 
   905.76 417.185 
   915.8 458.458 
   930.301 508.654 
   948.148 559.965 
   961.534 607.93 
   974.919 657.011 
   989.42 706.091 
   999.46 750.71 
   997.229 787.521 
   976.035 761.865 
   953.725 732.863 
   923.608 709.438 
   893.49 694.937 
   863.373 686.013 
   854.449 667.05 
   844.41 633.586 
   833.255 599.007 
   815.407 564.427 
   788.636 529.847 
   765.211 503.076 
   735.094 474.074 
   704.976 447.303 
   672.627 422.763 
   648.087 392.645 
   643.625 374.797 
   630.24 361.412 
   603.468 345.795 
   601.237 323.486 
   596.776 302.292 
   580.044 287.791 
   578.928 252.096 
   580.044 211.939 
   590.083 165.089 
   612.392 134.972 
   644.741 111.547 
}
