n_points:  50
{
   710 56 
   753.714 73.7143 
   797.429 101.429 
   838.143 141.143 
   868 184.857 
   891 228.571 
   907.286 272.286 
   915 316 
   920 359.714 
   924 403.429 
   929 447.143 
   935 490.857 
   944 534.571 
   953 578.286 
   961 622 
   971 665.714 
   980 709.429 
   988 753.143 
   994 796.857 
   994 840.571 
   988 884.286 
   979 928 
   959 893.833 
   939.667 859.667 
   909.5 825.5 
   875.333 798 
   841.167 786 
   807 784 
   807 748.538 
   809 713.077 
   804 677.615 
   795.154 642.154 
   778 606.692 
   752.231 571.231 
   721.769 535.769 
   701.308 500.308 
   678.846 464.846 
   670 429.385 
   668 393.923 
   665.462 358.462 
   665 323 
   675 290 
   676 257 
   661 225 
   628 206 
   626 172 
   621 138 
   624 104 
   642 71 
   676 57 
}
