n_points:  50
{
   679 3 
   717.571 14.5714 
   756.143 39 
   790 75.7143 
   809.286 114.286 
   821.857 152.857 
   831 191.429 
   837 230 
   842 268.571 
   849 307.143 
   853 345.714 
   858.286 384.286 
   863.857 422.857 
   867 461.429 
   871 500 
   879 538.571 
   890.143 577.143 
   901.714 615.714 
   908 654.286 
   910 692.857 
   908 731.429 
   901 770 
   889 742 
   873 714 
   848 686 
   820 667 
   792 655 
   764 647 
   768 615.846 
   764 584.692 
   752 553.538 
   732.385 522.385 
   703.231 492.231 
   672.077 463.077 
   658 431.923 
   656.769 400.769 
   652.615 369.615 
   648 338.462 
   642 307.308 
   639 276.154 
   637 245 
   637 209.75 
   630 174.5 
   603.25 142.25 
   568 138 
   563 104.5 
   561 71 
   578.5 38.5 
   612 21 
   645.5 9 
}
