n_points:  48
{
   691.432 92.8097 
   720.822 103.637 
   754.852 125.293 
   785.789 143.855 
   822.912 174.792 
   856.943 222.743 
   881.692 266.054 
   900.254 321.74 
   921.909 378.973 
   945.112 431.565 
   957.486 482.61 
   969.861 546.03 
   985.329 610.997 
   994.61 672.87 
   1005.44 711.541 
   1005.44 748.665 
   1000.8 781.148 
   997.704 815.178 
   993.063 844.568 
   976.048 812.085 
   960.58 782.695 
   937.378 754.852 
   906.441 730.103 
   877.051 716.181 
   852.302 708.447 
   819.819 705.353 
   822.912 674.417 
   822.912 640.387 
   818.272 604.81 
   810.538 575.42 
   790.429 546.03 
   761.039 513.547 
   728.556 487.251 
   697.619 457.861 
   666.683 426.924 
   648.121 394.441 
   635.746 365.051 
   631.106 340.302 
   635.746 315.553 
   641.934 287.71 
   634.199 255.227 
   617.184 235.118 
   595.529 224.29 
   595.529 188.713 
   595.529 159.323 
   601.716 126.84 
   621.825 106.731 
   652.761 92.8097 
}
