n_points:  50
{
   643 62 
   684.429 72.4286 
   725.857 98 
   767.286 134 
   805.714 172.714 
   824.143 214.143 
   842.571 255.571 
   858 297 
   872 338.429 
   885 379.857 
   895 421.286 
   905.714 462.714 
   917 504.143 
   927 545.571 
   935 587 
   943 628.429 
   950 669.857 
   954 711.286 
   958 752.714 
   964 794.143 
   961 835.571 
   948 877 
   931.167 842.167 
   914 807.333 
   882.5 777.5 
   847.667 759 
   812.833 755 
   778 755 
   780 722.769 
   778.538 690.538 
   772 658.308 
   762.077 626.077 
   745 593.846 
   718.615 561.615 
   687.385 531.385 
   655.154 507.154 
   630.923 478.923 
   617.692 446.692 
   609 414.462 
   605 382.231 
   596 350 
   614.25 312.75 
   628 275.5 
   617.25 239.25 
   580 218 
   570 184.333 
   564 150.667 
   564 117 
   579 83.3334 
   609.333 63.6666 
}
