n_points:  50
{
   729 101 
   770.381 113 
   811.762 147.762 
   851.143 189.143 
   884 230.524 
   900 271.905 
   912 313.286 
   923 354.667 
   928 396.048 
   930 437.429 
   933 478.81 
   936 520.19 
   937 561.571 
   940 602.952 
   946 644.333 
   956 685.714 
   966 727.095 
   970 768.476 
   972 809.857 
   975 851.238 
   973 892.619 
   967 934 
   951.833 903.833 
   937 873.667 
   918 843.5 
   891.333 817.333 
   861.167 798.167 
   831 783 
   843 746.308 
   838 709.615 
   828.923 672.923 
   812.231 636.231 
   790.538 599.538 
   760.846 566 
   724.154 531.154 
   696 497.462 
   687 460.769 
   683 424.077 
   678 387.385 
   680 350.692 
   690 314 
   694 282 
   695 250 
   675 222 
   643 213 
   642 185.667 
   645 158.333 
   652 131 
   674.333 107 
   701.667 101 
}
