n_points:  49
{
   719.275 58.7795 
   757.946 72.7009 
   793.523 91.2628 
   830.647 112.918 
   856.943 139.215 
   875.505 177.885 
   890.973 221.196 
   900.254 266.054 
   909.535 312.459 
   918.816 375.879 
   925.003 430.018 
   926.55 487.251 
   932.737 544.483 
   938.924 609.45 
   945.112 649.668 
   949.752 691.432 
   954.393 745.571 
   954.393 785.789 
   952.846 812.085 
   945.112 838.381 
   929.643 798.163 
   917.269 761.039 
   894.066 739.384 
   872.411 723.915 
   850.755 716.181 
   824.459 714.634 
   801.257 719.275 
   807.444 694.526 
   812.085 668.23 
   812.085 634.199 
   801.257 595.529 
   791.976 564.592 
   768.773 524.375 
   737.837 482.61 
   713.088 454.767 
   689.885 430.018 
   674.417 402.175 
   663.589 372.785 
   652.761 338.755 
   643.48 320.193 
   651.214 298.538 
   643.48 267.601 
   617.184 249.039 
   615.637 210.369 
   615.637 157.776 
   621.825 114.465 
   629.559 85.0755 
   654.308 61.8731 
   683.698 57.2326 
}
