n_points:  52
{
   709.438 39.0414 
   741.786 44.6187 
   771.904 60.2353 
   802.022 87.0065 
   828.793 113.778 
   856.68 141.664 
   874.527 169.551 
   891.259 206.362 
   907.991 249.865 
   928.07 294.484 
   939.224 334.641 
   943.686 381.49 
   952.61 438.379 
   954.841 501.961 
   959.303 562.196 
   961.534 622.431 
   970.458 675.974 
   976.035 717.246 
   971.573 760.749 
   962.649 814.292 
   951.495 868.95 
   939.224 918.03 
   912.453 978.266 
   909.107 930.301 
   897.952 895.721 
   877.874 865.603 
   839.948 841.063 
   803.137 820.985 
   770.789 810.945 
   730.632 798.675 
   744.017 775.251 
   755.172 729.516 
   757.403 692.706 
   748.479 652.549 
   730.632 610.161 
   713.9 576.697 
   683.698 533.656 
   660.495 493.438 
   645.856 458.458 
   643.625 412.723 
   645.856 384.837 
   648.087 349.142 
   655.895 325.717 
   652.549 295.599 
   640.279 272.174 
   621.316 253.211 
   622.431 199.669 
   617.969 153.935 
   616.854 118.24 
   623.547 83.6601 
   651.434 53.5425 
   682.667 40.1569 
}
