n_points:  50
{
   654 49 
   692.381 59 
   730.762 85 
   769.143 118.143 
   797.524 156.524 
   814 194.905 
   830.286 233.286 
   839 271.667 
   848 310.048 
   857.429 348.429 
   867 386.81 
   876 425.19 
   884 463.571 
   892 501.952 
   902 540.333 
   912 578.714 
   918.095 617.095 
   924 655.476 
   927 693.857 
   926 732.238 
   917 770.619 
   906 809 
   899.667 783.667 
   891 758.333 
   878 733 
   853.667 712.667 
   828.333 702.333 
   803 696 
   800 664.308 
   796 632.615 
   789 600.923 
   776.231 569.231 
   757 537.538 
   729.846 509.846 
   698.154 483.154 
   668 453.462 
   641.769 421.769 
   616.077 390.077 
   606 358.385 
   603 326.692 
   596 295 
   607 268 
   609 241 
   590 215 
   563 206 
   561 173.5 
   564 141 
   572 108.5 
   591 76 
   621.5 56 
}
