n_points:  50
{
   699 70 
   743.476 77 
   787.952 101.952 
   832.429 135.429 
   870.905 177.905 
   893.381 222.381 
   907 266.857 
   918 311.333 
   925 355.81 
   931 400.286 
   933 444.762 
   933 489.238 
   933 533.714 
   931 578.19 
   929 622.667 
   925 667.143 
   919 711.619 
   913 756.095 
   907 800.571 
   900 845.048 
   884.476 889.524 
   863 934 
   860 898.5 
   849 863 
   816.5 830 
   781 817 
   745.5 811 
   710 797 
   738.923 767.077 
   745.846 731.154 
   747 695.231 
   745 659.308 
   739 623.385 
   729.462 587.462 
   719 551.538 
   706 515.615 
   693.692 479.692 
   687.769 443.769 
   680.846 407.846 
   666.923 371.923 
   645 336 
   645 311.5 
   643 287 
   635 262.5 
   614 243 
   613 206.333 
   615 169.667 
   620 133 
   631 96.3334 
   662.333 74.6666 
}
