n_points:  50
{
   704 48 
   746.905 59 
   788.81 87.8095 
   822.714 130.714 
   849.619 173.619 
   865 216.524 
   874.429 259.429 
   881 302.333 
   885 345.238 
   888 388.143 
   889 431.048 
   888 473.952 
   890 516.857 
   895 559.762 
   902 602.667 
   908 645.571 
   918 688.476 
   928 731.381 
   937 774.286 
   948 817.19 
   956 860.095 
   954 903 
   949 891.167 
   944 879.333 
   939 867.5 
   933.667 855.667 
   923.833 843.833 
   914 832 
   907 795 
   895 758 
   883 721 
   865 684 
   834 647 
   797 613 
   764 576 
   734 539 
   709 502 
   687 465 
   666 428 
   650 391 
   631 354 
   626 324.75 
   619 295.5 
   598.25 266.25 
   571 243 
   573 199.667 
   579 156.333 
   586 113 
   617.333 72 
   660.667 52 
}
