n_points:  55
{
   648.087 122.702 
   680.436 126.048 
   718.362 141.664 
   746.248 166.205 
   779.712 197.438 
   807.599 226.44 
   831.024 271.059 
   846.641 311.216 
   860.026 344.68 
   864.488 385.952 
   873.412 435.033 
   878.989 482.998 
   884.566 522.039 
   890.144 565.542 
   896.837 624.662 
   903.529 674.858 
   904.645 710.553 
   905.76 751.826 
   909.107 786.405 
   906.876 825.447 
   895.721 862.257 
   885.682 892.375 
   866.719 921.377 
   857.795 902.414 
   844.41 885.682 
   822.1 864.488 
   802.022 846.641 
   780.828 829.908 
   761.865 815.407 
   740.671 818.754 
   740.671 795.329 
   742.902 768.558 
   745.133 745.133 
   742.477 723.915 
   728.556 696.073 
   708.447 665.136 
   681.551 631.355 
   658.949 603.263 
   632.471 556.619 
   610.161 516.462 
   591.198 477.42 
   581.159 459.573 
   578.928 431.686 
   582.274 407.146 
   575.582 375.913 
   583.39 353.603 
   590.083 332.41 
   588.967 310.1 
   580.044 291.137 
   566.658 283.329 
   556.619 249.865 
   556.619 214.17 
   558.85 175.129 
   572.235 146.126 
   601.237 131.625 
}
