n_points:  50
{
   705 102 
   747.095 112 
   789.19 134.19 
   831.286 170.286 
   870.381 211.381 
   898 253.476 
   912.571 295.571 
   924 337.667 
   933 379.762 
   938 421.857 
   943 463.952 
   948 506.048 
   952 548.143 
   955 590.238 
   958 632.333 
   960 674.429 
   964 716.524 
   969 758.619 
   977 800.714 
   981 842.81 
   979 884.905 
   970 927 
   952 885.333 
   924.667 843.667 
   886 802 
   844.333 773.333 
   802.667 755 
   761 746 
   769 718.846 
   769 691.692 
   764 664.538 
   755.385 637.385 
   739.231 610.231 
   719.077 583.077 
   698.923 555.923 
   679 528.769 
   660.615 501.615 
   658 474.462 
   658.692 447.308 
   660 420.154 
   660 393 
   662 363.5 
   654 334 
   632.5 304.5 
   603 292 
   597 249.167 
   591 206.333 
   596 163.5 
   619.333 125 
   662.167 107 
}
