n_points:  49
{
   689.885 74.2477 
   722.369 81.9819 
   757.946 97.4501 
   779.601 119.106 
   798.163 146.949 
   822.912 179.432 
   846.115 208.822 
   860.036 241.305 
   866.224 287.71 
   872.411 334.115 
   877.051 388.254 
   877.051 448.58 
   873.958 501.172 
   877.051 555.311 
   878.598 612.544 
   881.692 683.698 
   884.786 742.477 
   886.332 802.804 
   886.332 856.943 
   886.332 894.066 
   877.051 921.909 
   863.13 878.598 
   847.662 844.568 
   824.459 816.725 
   801.257 796.616 
   779.601 787.335 
   754.852 784.242 
   747.118 754.852 
   742.477 722.369 
   740.931 688.338 
   734.743 649.668 
   719.275 615.637 
   697.619 575.42 
   682.151 538.296 
   657.402 493.438 
   634.199 454.767 
   620.278 420.737 
   604.81 374.332 
   600.169 337.208 
   612.544 312.459 
   621.825 290.804 
   617.184 262.961 
   600.169 247.492 
   590.888 213.462 
   586.248 163.964 
   584.701 129.934 
   597.076 102.091 
   631.106 81.9819 
   663.589 77.3414 
}
