n_points:  55
{
   668.23 94.3565 
   694.526 109.825 
   725.462 128.387 
   750.211 146.949 
   774.961 174.792 
   807.444 215.009 
   829.1 255.227 
   846.115 296.991 
   858.489 344.943 
   869.317 402.175 
   878.598 460.955 
   890.973 512 
   897.16 561.498 
   906.441 621.825 
   914.175 677.511 
   929.643 723.915 
   940.471 765.68 
   949.752 815.178 
   948.205 869.317 
   945.112 914.175 
   935.831 976.048 
   925.003 948.205 
   906.441 912.628 
   883.239 878.598 
   856.943 850.755 
   827.553 833.74 
   795.069 816.725 
   767.227 801.257 
   740.931 791.976 
   713.088 793.523 
   705.353 765.68 
   700.713 736.29 
   700.713 706.9 
   694.526 665.136 
   680.604 629.559 
   660.495 597.076 
   643.48 563.045 
   624.918 530.562 
   620.278 490.344 
   623.372 454.767 
   626.465 420.737 
   617.184 389.801 
   612.544 366.598 
   617.184 344.943 
   615.637 310.912 
   601.716 284.616 
   578.514 273.789 
   559.952 266.054 
   556.858 218.103 
   561.498 187.166 
   569.233 151.589 
   584.701 112.918 
   604.81 85.0755 
   626.465 74.2477 
   645.027 78.8882 
}
