n_points:  42
{
   684.898 136.087 
   716.131 139.434 
   748.479 152.819 
   778.597 171.782 
   806.484 200.784 
   833.255 228.671 
   854.449 264.366 
   870.065 298.946 
   886.797 336.871 
   900.183 378.144 
   911.338 420.532 
   922.492 462.919 
   932.532 505.307 
   949.264 539.887 
   970.458 593.429 
   978.266 633.586 
   983.843 673.743 
   957.072 652.549 
   931.416 630.24 
   907.991 616.854 
   881.22 607.93 
   857.795 602.353 
   821.366 597.076 
   800.906 575.582 
   773.02 547.695 
   747.364 527.617 
   716.181 507.359 
   685.245 488.798 
   651.214 459.408 
   629.559 430.018 
   623.372 397.535 
   621.825 375.879 
   615.739 349.142 
   610.161 321.255 
   610.997 320.193 
   596.776 302.292 
   575.582 295.599 
   580.044 259.904 
   586.736 217.516 
   594.545 178.475 
   617.969 155.05 
   646.972 143.895 
}
