n_points:  43
{
   637.293 94.3565 
   675.964 100.544 
   711.541 122.199 
   739.384 145.402 
   770.32 177.885 
   798.163 218.103 
   812.085 262.961 
   819.819 315.553 
   827.553 358.864 
   832.193 409.909 
   839.927 465.595 
   846.115 527.468 
   856.943 576.967 
   866.224 626.465 
   873.958 675.964 
   873.958 719.275 
   869.317 740.931 
   843.021 731.65 
   816.725 727.009 
   788.882 727.009 
   762.586 727.009 
   747.118 723.915 
   747.118 699.166 
   745.571 663.589 
   742.477 624.918 
   722.369 592.435 
   702.26 559.952 
   677.511 529.015 
   651.214 499.625 
   631.106 474.876 
   620.278 434.659 
   612.544 389.801 
   604.81 349.583 
   600.169 312.459 
   600.169 286.163 
   598.622 259.867 
   587.795 228.931 
   564.592 218.103 
   544.483 216.556 
   544.483 174.792 
   553.764 142.308 
   572.326 114.465 
   606.357 95.9033 
}
