n_points:  50
{
   701 9 
   744.524 23.5238 
   788.048 54.0476 
   822.571 96.5714 
   852.095 140.095 
   872 183.619 
   888 227.143 
   898 270.667 
   904 314.19 
   909 357.714 
   912 401.238 
   913 444.762 
   913 488.286 
   913 531.81 
   915 575.333 
   916 618.857 
   918 662.381 
   924 705.905 
   925 749.429 
   913.048 792.952 
   899 836.476 
   885 880 
   868 853 
   854 826 
   828 801 
   801 778 
   774 761 
   747 750 
   757 713.077 
   766.846 676.154 
   767 639.231 
   757 602.308 
   748 565.385 
   733 528.462 
   715 491.538 
   696 454.615 
   678 417.692 
   665 380.769 
   660 343.846 
   662 308.923 
   667 272 
   667 246 
   662 220 
   643 195 
   617 187 
   611 150.333 
   610 113.667 
   613 77 
   627.667 41.3334 
   664.333 17 
}
