n_points:  40
{
   649.668 71.1541 
   682.151 88.1692 
   713.088 102.091 
   733.196 114.465 
   754.852 131.48 
   776.508 156.23 
   798.163 184.073 
   819.819 221.196 
   833.74 264.508 
   846.115 320.193 
   856.943 372.785 
   863.13 430.018 
   863.13 482.61 
   861.583 525.921 
   867.132 564.289 
   873.668 599.149 
   876.936 635.098 
   833.362 620.936 
   843.021 592.435 
   838.381 563.045 
   832.193 549.124 
   822.468 521.804 
   795.069 505.813 
   763.643 481.498 
   726.604 458.621 
   692.979 436.205 
   663.589 414.55 
   640.387 395.988 
   623.372 366.598 
   617.184 344.943 
   612.544 315.553 
   617.184 284.616 
   610.997 253.68 
   595.529 232.024 
   570.779 224.29 
   553.764 221.196 
   553.764 177.885 
   559.952 134.574 
   576.967 100.544 
   607.903 75.7946 
}
