n_points:  48
{
   662.588 51.3115 
   698.283 60.2353 
   726.17 71.39 
   752.941 88.122 
   779.712 110.431 
   809.83 137.203 
   824.331 174.013 
   835.486 217.516 
   847.756 264.366 
   858.911 315.678 
   865.603 364.758 
   877.874 419.416 
   884.566 467.381 
   891.259 510.885 
   902.414 566.658 
   914.684 616.854 
   933.647 660.357 
   949.264 711.669 
   955.956 762.98 
   958.187 810.945 
   955.956 845.525 
   942.571 807.599 
   926.954 774.135 
   904.645 751.826 
   887.913 740.671 
   867.834 731.747 
   854.449 701.63 
   837.717 668.166 
   817.638 632.471 
   797.56 595.66 
   770.789 556.619 
   739.384 513.547 
   716.181 484.157 
   696.073 453.221 
   672.627 426.109 
   654.78 388.183 
   639.163 360.296 
   619.085 322.37 
   621.316 301.176 
   620.2 278.867 
   613.508 255.442 
   599.007 240.941 
   583.39 233.133 
   580.044 190.745 
   581.159 146.126 
   581.159 111.547 
   590.083 80.3137 
   620.2 60.2353 
}
