n_points:  50
{
   693 40 
   731.381 48 
   769.762 71.7619 
   805.143 103.143 
   826.524 141.524 
   844 179.905 
   855 218.286 
   861.667 256.667 
   868.048 295.048 
   875 333.429 
   882 371.81 
   888 410.19 
   891 448.571 
   893 486.952 
   899 525.333 
   907 563.714 
   913 602.095 
   918 640.476 
   920 678.857 
   920 717.238 
   919 755.619 
   918 794 
   911 773 
   900 752 
   880 732 
   859 718 
   838 711 
   817 704 
   832 672.154 
   828.308 640.308 
   817.462 608.462 
   796.615 576.615 
   766.769 545 
   734.923 515.923 
   703.077 486.077 
   671.231 460.231 
   641 436.385 
   627 404.538 
   622 372.692 
   617.846 340.846 
   611 309 
   625.5 273.5 
   634 238 
   620.5 202.5 
   586 176 
   585 143 
   585 110 
   594 77 
   627 50 
   660 41 
}
