n_points:  48
{
   680.604 64.9668 
   723.915 77.3414 
   757.946 92.8097 
   799.71 117.559 
   839.927 146.949 
   867.77 184.073 
   890.973 230.477 
   906.441 289.257 
   923.456 357.317 
   935.831 409.909 
   946.659 485.704 
   957.486 559.952 
   971.408 632.653 
   989.97 700.713 
   1006.98 754.852 
   1017.81 796.616 
   1020.91 843.021 
   1010.08 877.051 
   994.61 846.115 
   976.048 813.631 
   955.94 790.429 
   935.831 778.054 
   907.988 756.399 
   870.864 740.931 
   841.474 736.29 
   813.631 733.196 
   799.71 700.713 
   774.961 671.323 
   748.665 623.372 
   720.822 581.607 
   691.432 541.39 
   665.136 507.36 
   638.84 484.157 
   635.746 448.58 
   632.653 406.816 
   628.012 360.411 
   620.278 329.474 
   626.465 315.553 
   641.934 292.35 
   646.574 273.789 
   645.027 241.305 
   629.559 221.196 
   606.357 219.65 
   601.716 179.432 
   598.622 131.48 
   607.903 95.9033 
   618.731 77.3414 
   638.84 63.4199 
}
