n_points:  56
{
   687.129 118.24 
   721.708 122.702 
   748.479 136.087 
   778.597 150.588 
   800.906 167.32 
   818.754 189.63 
   835.486 213.054 
   856.68 242.057 
   878.989 284.444 
   893.49 321.255 
   899.068 363.643 
   897.952 412.723 
   896.837 464.035 
   896.837 518.693 
   892.375 580.044 
   883.451 636.932 
   884.566 699.399 
   893.49 747.364 
   901.298 794.214 
   906.876 851.102 
   911.338 905.76 
   911.338 944.802 
   906.876 979.381 
   897.952 1003.92 
   882.336 981.612 
   861.142 955.956 
   837.717 933.647 
   807.599 915.8 
   780.828 904.645 
   760.749 893.49 
   736.209 882.336 
   700.514 866.719 
   733.978 856.68 
   741.786 832.139 
   746.248 803.137 
   739.556 762.98 
   718.362 718.362 
   700.514 688.244 
   681.551 657.011 
   657.011 622.431 
   630.24 587.852 
   633.586 553.272 
   641.394 506.423 
   648.087 468.497 
   651.434 431.686 
   653.664 397.107 
   655.895 370.336 
   651.434 334.641 
   630.24 304.523 
   607.93 288.906 
   590.083 284.444 
   587.852 238.71 
   590.083 201.9 
   599.007 155.05 
   619.085 127.163 
   651.434 117.124 
}
