n_points:  50
{
   678 85 
   718 103 
   758 132 
   791 172 
   825 209 
   846 249 
   864 289 
   875 329 
   883 369 
   891 409 
   895 449 
   896 489 
   896 529 
   898 569 
   900 609 
   902 649 
   910 689 
   920 729 
   928 769 
   938 809 
   943 849 
   939 889 
   925 867.833 
   910.667 846.667 
   892.5 831.5 
   871.333 821 
   850.167 813 
   829 801 
   819.308 770.308 
   814 739.615 
   801 708.923 
   777.231 678.231 
   749.538 648.538 
   718.846 619.846 
   690.154 589.154 
   667 558.462 
   651.769 527.769 
   642 497.077 
   633.385 466.385 
   624.692 435.692 
   608 405 
   633 368.25 
   640 331.5 
   625.75 295.75 
   589 277 
   587 238.333 
   588 199.667 
   592 161 
   603 122.333 
   639.333 93 
}
