n_points:  48
{
   636.932 80.3137 
   682.667 90.3529 
   713.9 104.854 
   740.671 129.394 
   758.518 152.819 
   783.059 181.821 
   796.444 217.516 
   810.945 255.442 
   826.562 308.985 
   835.486 365.874 
   842.179 428.34 
   844.41 478.536 
   848.871 536.54 
   852.218 592.314 
   862.257 641.394 
   874.527 689.359 
   884.566 732.863 
   884.566 771.904 
   874.527 831.024 
   862.257 816.523 
   854.449 781.943 
   842.179 761.865 
   816.523 742.902 
   801.257 717.728 
   795.069 686.792 
   785.29 640.279 
   773.02 610.161 
   754.057 582.274 
   727.285 555.503 
   696.052 524.27 
   670.396 499.73 
   641.394 469.612 
   626.893 448.418 
   619.085 408.261 
   614.623 371.451 
   607.93 334.641 
   612.392 312.331 
   612.392 290.022 
   601.237 261.02 
   586.736 245.403 
   564.427 237.595 
   548.81 237.595 
   545.464 195.207 
   543.233 165.089 
   549.926 133.856 
   563.312 105.969 
   591.198 88.122 
   615.739 80.3137 
}
