n_points:  50
{
   676 87 
   716.571 95.5714 
   756.143 126.143 
   791.714 165.714 
   826.286 201.286 
   845.857 241.857 
   858 282.429 
   866 323 
   872 363.571 
   879 404.143 
   885.714 444.714 
   894 485.286 
   900 525.857 
   909 566.429 
   912 607 
   919 647.571 
   927 688.143 
   935 728.714 
   939 769.286 
   940 809.857 
   937 850.429 
   927 891 
   908.167 856.167 
   891.333 821.333 
   860.5 788.5 
   825.667 770 
   790.833 764 
   756 764 
   780 734.538 
   780 703.077 
   773 671.615 
   759 640.154 
   739.692 608.692 
   719.231 577.231 
   691.769 545.769 
   666 514.308 
   644.846 482.846 
   629 451.385 
   619 419.923 
   618 388.462 
   614 357 
   625 329.75 
   624 302.5 
   614.25 275.25 
   588 249 
   588 215.167 
   590 181.333 
   596.5 147.5 
   611 113.667 
   642.167 93.8334 
}
