n_points:  48
{
   641.934 102.091 
   682.151 117.559 
   714.634 140.761 
   747.118 170.151 
   771.867 204.181 
   795.069 252.133 
   815.178 303.178 
   827.553 354.224 
   835.287 414.55 
   838.381 465.595 
   844.568 518.187 
   843.021 573.873 
   844.568 631.106 
   844.568 691.432 
   847.662 765.68 
   850.755 808.991 
   847.662 836.834 
   827.553 799.71 
   802.804 784.242 
   771.867 770.32 
   736.29 761.039 
   703.807 757.946 
   674.417 759.492 
   643.48 761.039 
   649.668 742.477 
   652.761 719.275 
   643.48 677.511 
   624.918 648.121 
   601.716 612.544 
   584.701 580.06 
   567.686 544.483 
   558.405 502.719 
   553.764 477.97 
   555.311 448.58 
   556.858 413.003 
   559.952 382.066 
   563.045 349.583 
   575.42 334.115 
   578.514 310.912 
   572.326 283.069 
   553.764 273.789 
   541.39 270.695 
   536.749 235.118 
   541.39 187.166 
   546.03 146.949 
   561.498 122.199 
   586.248 105.184 
   615.637 100.544 
}
