n_points:  50
{
   664 77 
   700.381 86.381 
   736.762 115.762 
   773.143 145 
   808.524 171.524 
   836.905 207.905 
   862 244.286 
   883.667 280.667 
   897 317.048 
   906 353.429 
   915 389.81 
   922.19 426.19 
   928 462.571 
   934 498.952 
   940 535.333 
   943 571.714 
   945 608.095 
   947 644.476 
   952 680.857 
   959.238 717.238 
   967.619 753.619 
   970 790 
   944 761 
   914 736 
   884 717 
   854 702 
   824 694 
   794 687 
   779 660.692 
   765.385 634.385 
   749 608.077 
   727.769 581.769 
   704.462 555.462 
   679.154 531.154 
   652.846 508.846 
   637 482.538 
   627 456.231 
   622 429.923 
   608.615 403.615 
   591.308 377.308 
   583 351 
   592.25 331.75 
   595.5 312.5 
   590.25 293.25 
   575 274 
   567 233.167 
   571 192.333 
   575 151.5 
   584 110.667 
   623.167 85 
}
