n_points:  50
{
   656 87 
   684.762 92 
   713.524 106.524 
   742.286 122.286 
   771.048 145.048 
   797.81 172.81 
   816 201.571 
   830 230.333 
   841 259.095 
   848 287.857 
   855 316.619 
   859 345.381 
   860 374.143 
   863.905 402.905 
   868 431.667 
   873 460.429 
   879 489.19 
   885 517.952 
   891 546.714 
   897 575.476 
   904 604.238 
   910 633 
   895.167 620.167 
   880.333 607.333 
   865.5 598 
   850.667 592 
   835.833 589 
   821 589 
   820.308 563.308 
   813.615 537.615 
   802.923 511.923 
   785 486.231 
   764.538 460.538 
   740.846 434.846 
   715.154 410.154 
   689.462 389.462 
   663.769 370.769 
   638.077 349.077 
   623.385 323.385 
   615 297.692 
   611 272 
   613.5 246.5 
   607 221 
   588.5 197.5 
   563 185 
   564 160.333 
   567.333 135.667 
   582 112 
   606.667 95.3334 
   631.333 88 
}
