n_points:  50
{
   721 122 
   763 134 
   805 163 
   846 205 
   879 247 
   897 289 
   910 331 
   919 373 
   926 415 
   930 457 
   933 499 
   936 541 
   939 583 
   943 625 
   947 667 
   954 709 
   960 751 
   966 793 
   973 835 
   978 877 
   980 919 
   976 961 
   951 924.5 
   924 888 
   887.5 869.5 
   851 862 
   814.5 857 
   778 855 
   789.077 819.923 
   791 784.846 
   789 749.769 
   783 714.692 
   770.615 679.615 
   752 644.538 
   725.462 609.462 
   697.385 574.385 
   671.308 539.308 
   655 504.231 
   646 469.154 
   636 434.077 
   626 399 
   652 365.25 
   659 331.5 
   650.75 299.75 
   617 285 
   613 249.667 
   617 214.333 
   629 179 
   651.333 143.667 
   685.667 125.333 
}
