n_points:  50
{
   736 100 
   765.238 107 
   794.476 116.476 
   823.714 134.714 
   852.952 152.952 
   882.19 173.19 
   909.429 196.429 
   925 225.667 
   938 254.905 
   952.143 284.143 
   963 313.381 
   971 342.619 
   978 371.857 
   986.095 401.095 
   991 430.333 
   995 459.571 
   997 488.81 
   1003 518.048 
   1010 547.286 
   1013 576.524 
   1015 605.762 
   1014 635 
   1001.33 626.333 
   988.667 618 
   976 612 
   963.333 606.333 
   950.667 601 
   938 596 
   911.538 577.538 
   885.077 560.077 
   858.615 538.615 
   832.154 514.154 
   805.692 493 
   779.231 477 
   752.769 461.769 
   740.308 438.308 
   738 411.846 
   736 385.385 
   722.923 358.923 
   696.462 344 
   670 332 
   668 312.25 
   656.5 292.5 
   637.75 275 
   618 268 
   616 230.333 
   621 192.667 
   633 155 
   660.667 119.333 
   698.333 102 
}
