n_points:  50
{
   710 80 
   748.143 103.143 
   786.286 125.286 
   824.429 158.429 
   855 196.571 
   872.714 234.714 
   884 272.857 
   894 311 
   903 349.143 
   911 387.286 
   915.429 425.429 
   923 463.571 
   932 501.714 
   939.857 539.857 
   946 578 
   951 616.143 
   961 654.286 
   969.429 692.429 
   976 730.571 
   978 768.714 
   978 806.857 
   976 845 
   950.167 829.167 
   924.333 819.333 
   898.5 809.5 
   872.667 799.667 
   846.833 786.833 
   821 781 
   826 747.154 
   829 713.308 
   827 679.462 
   815 645.615 
   790.769 611.769 
   757.923 578.923 
   724.077 552.077 
   692.231 520.231 
   669.385 486.385 
   659 452.538 
   658.308 418.692 
   656.846 384.846 
   648 351 
   659 315.5 
   660 280 
   634.5 248 
   599 246 
   597 206.5 
   598 167 
   604 127.5 
   632 88 
   670.5 69.5 
}
