n_points:  56
{
   645.028 52.5921 
   675.964 60.3263 
   717.728 81.9819 
   754.852 114.465 
   787.336 140.761 
   813.632 176.338 
   833.741 221.196 
   846.115 264.508 
   853.849 314.006 
   863.13 365.051 
   875.505 428.471 
   887.88 498.079 
   900.254 566.139 
   915.722 620.278 
   932.737 669.776 
   945.112 720.822 
   948.206 781.148 
   942.018 836.834 
   929.644 889.426 
   914.176 940.471 
   892.52 903.347 
   883.239 880.145 
   872.411 858.489 
   850.756 839.927 
   819.819 827.553 
   790.429 821.366 
   751.759 816.725 
   713.088 813.631 
   685.245 805.897 
   713.088 793.523 
   734.743 776.508 
   748.665 759.492 
   756.399 740.931 
   756.399 703.807 
   744.024 655.855 
   727.009 620.278 
   699.166 570.779 
   675.964 535.202 
   654.308 488.798 
   638.84 447.033 
   629.559 423.831 
   626.466 395.988 
   620.278 368.145 
   615.637 346.489 
   609.45 324.834 
   606.356 303.178 
   606.357 273.789 
   606.357 245.946 
   592.435 222.743 
   573.873 207.275 
   553.765 205.728 
   558.405 160.87 
   566.139 126.84 
   578.514 91.2628 
   600.17 68.0604 
   621.825 54.139 
}
