n_points:  50
{
   712 81 
   745.81 96 
   779.619 120.619 
   810.429 150.429 
   834.238 184.238 
   848 218.048 
   853 251.857 
   856 285.667 
   859 319.476 
   860 353.286 
   862 387.095 
   865 420.905 
   868 454.714 
   873 488.524 
   879 522.333 
   889.143 556.143 
   901 589.952 
   915.762 623.762 
   938 657.571 
   951 691.381 
   959 725.19 
   965 759 
   938.167 741.167 
   911.333 723.333 
   884.5 709 
   857.667 700 
   830.833 696 
   804 694 
   805 665 
   805 636 
   803 607 
   793 578 
   769 549 
   743 520 
   717 491 
   688 463 
   668 434 
   663 405 
   655 376 
   647 347 
   636 318 
   662 287.5 
   663 256 
   641.5 228 
   610 220 
   606 189 
   606 158 
   619 127 
   650 99 
   681 85 
}
