n_points:  50
{
   650 91 
   692.571 108 
   735.143 130.143 
   776.714 167.714 
   810 210.286 
   827 252.857 
   839 295.429 
   846 338 
   850 380.571 
   856 423.143 
   862 465.714 
   868 508.286 
   868 550.857 
   870 593.429 
   875 636 
   882 678.571 
   891 721.143 
   895 763.714 
   895 806.286 
   890.143 848.857 
   882.571 891.429 
   866 934 
   858 900.667 
   843.333 867.333 
   819 834 
   787.667 812.667 
   754.333 806 
   721 804 
   724 769.769 
   722 735.538 
   716 701.308 
   702.077 667.077 
   689 632.846 
   673.615 598.615 
   656.385 564.385 
   639 530.154 
   621 495.923 
   604 461.692 
   593 427.462 
   589 393.231 
   589 359 
   592 333.75 
   595.5 308.5 
   588 283.25 
   566 260 
   564 223.333 
   564 186.667 
   567 150 
   576.667 113.333 
   613.333 95 
}
