n_points:  56
{
   655.855 47.9517 
   685.245 57.2326 
   716.181 72.7009 
   740.931 89.716 
   768.773 111.372 
   796.616 139.215 
   822.912 167.057 
   844.568 210.369 
   860.036 250.586 
   872.411 289.257 
   883.239 344.943 
   887.879 395.988 
   889.426 454.767 
   895.613 524.375 
   901.801 583.154 
   907.988 649.668 
   918.816 719.275 
   929.643 767.227 
   926.55 824.459 
   926.55 877.051 
   925.003 921.909 
   909.535 954.393 
   889.426 921.909 
   867.77 889.426 
   841.474 864.677 
   813.631 841.474 
   776.508 829.1 
   739.384 822.912 
   689.885 815.178 
   720.822 801.257 
   747.118 787.335 
   768.773 765.68 
   782.695 739.384 
   790.429 700.713 
   781.148 662.042 
   762.586 632.653 
   734.743 598.622 
   711.541 561.498 
   688.338 533.656 
   663.589 491.891 
   634.199 456.314 
   624.918 426.924 
   618.731 380.52 
   607.903 355.77 
   614.091 326.381 
   617.184 300.085 
   614.091 266.054 
   601.716 242.852 
   580.06 230.477 
   555.311 230.477 
   552.218 185.619 
   559.952 146.949 
   567.686 111.372 
   576.967 81.9819 
   598.622 58.7795 
   629.559 47.9517 
}
