n_points:  55
{
   692.979 86.6224 
   723.915 94.3565 
   750.211 100.544 
   778.054 120.653 
   799.71 143.855 
   819.819 167.057 
   846.115 188.713 
   866.224 211.915 
   878.598 245.946 
   892.52 283.069 
   904.894 327.927 
   915.722 375.879 
   929.643 426.924 
   938.924 485.704 
   949.752 538.296 
   963.674 598.622 
   971.408 658.949 
   976.048 722.369 
   982.236 782.695 
   986.876 832.193 
   980.689 877.051 
   968.314 914.175 
   957.486 946.659 
   946.659 993.063 
   932.737 963.674 
   929.643 938.924 
   912.628 903.347 
   884.786 873.958 
   856.943 855.396 
   822.912 839.927 
   796.616 830.647 
   761.039 826.006 
   725.462 818.272 
   722.369 793.523 
   730.103 764.133 
   737.837 722.369 
   737.837 691.432 
   727.009 649.668 
   711.541 615.637 
   700.713 576.967 
   691.432 542.937 
   668.23 490.344 
   649.668 450.127 
   646.574 409.909 
   638.84 372.785 
   643.48 343.396 
   649.668 318.647 
   645.027 300.085 
   626.465 279.976 
   618.731 249.039 
   614.091 204.181 
   610.997 162.417 
   614.091 129.934 
   638.84 105.184 
   663.589 91.2628 
}
