n_points:  49
{
   671.323 80.435 
   700.713 85.0755 
   734.743 103.637 
   768.773 126.84 
   796.616 163.964 
   813.631 202.634 
   822.912 245.946 
   821.366 284.616 
   822.912 329.474 
   821.366 378.973 
   819.819 431.565 
   819.819 491.891 
   822.912 544.483 
   830.647 600.169 
   839.927 646.574 
   849.208 708.447 
   847.662 754.852 
   843.021 824.459 
   838.381 867.77 
   832.193 894.066 
   816.725 869.317 
   802.804 839.927 
   779.601 818.272 
   756.399 807.444 
   727.009 799.71 
   737.837 781.148 
   745.571 756.399 
   750.211 722.369 
   745.571 686.792 
   728.556 649.668 
   705.353 609.45 
   682.151 570.779 
   657.402 529.015 
   626.465 488.798 
   597.076 454.767 
   580.06 431.565 
   578.514 394.441 
   576.967 363.505 
   576.967 315.553 
   592.435 292.35 
   600.169 276.882 
   601.716 250.586 
   590.888 235.118 
   573.873 225.837 
   555.311 221.196 
   559.952 170.151 
   576.967 131.48 
   595.529 103.637 
   628.012 83.5287 
}
