n_points:  52
{
   683.782 70.2745 
   716.131 75.8519 
   751.826 97.0457 
   784.174 122.702 
   810.945 147.242 
   833.255 168.436 
   857.795 200.784 
   872.296 237.595 
   885.682 279.983 
   894.606 327.948 
   902.414 382.606 
   907.991 432.802 
   910.222 494.152 
   907.991 549.926 
   902.414 600.122 
   900.183 653.664 
   893.49 709.438 
   889.028 766.327 
   884.566 817.638 
   877.874 862.257 
   862.257 904.645 
   851.102 865.603 
   834.37 832.139 
   813.176 804.253 
   787.521 785.29 
   764.096 775.251 
   741.786 766.327 
   716.131 758.518 
   684.898 752.941 
   683.698 719.275 
   682.151 677.511 
   680.604 638.84 
   675.974 600.122 
   664.819 552.157 
   648.087 516.462 
   622.431 479.651 
   613.508 453.996 
   606.815 420.532 
   605.699 391.529 
   604.584 363.643 
   594.545 333.525 
   600.122 322.37 
   603.468 297.83 
   606.815 273.29 
   599.007 248.749 
   588.967 221.978 
   587.852 187.399 
   588.967 155.05 
   588.967 114.893 
   603.468 84.7756 
   631.355 71.39 
   661.473 70.2745 
}
