n_points:  50
{
   704 49 
   750.333 66.3333 
   796.667 109.667 
   838 156 
   862.333 202.333 
   876 248.667 
   889 295 
   903 341.333 
   915 387.667 
   924 434 
   929 480.333 
   932 526.667 
   936 573 
   942 619.333 
   946 665.667 
   948 712 
   948 758.333 
   946 804.667 
   938 851 
   933 897.333 
   917.333 943.667 
   897 990 
   870 948.5 
   852 907 
   815.5 871.5 
   774 852 
   732.5 838 
   691 823 
   726.769 791.231 
   741 752.462 
   742 713.692 
   737 674.923 
   729.154 636.154 
   715.385 597.385 
   698 558.615 
   678 519.846 
   655 481.077 
   633.308 442.308 
   617 403.538 
   605 364.769 
   606 326 
   611 305.5 
   610 285 
   602 264.5 
   583 249 
   580.833 205.167 
   588 161.333 
   599 117.5 
   616.333 77 
   660.167 55 
}
