n_points:  41
{
   740.931 105.184 
   781.148 119.106 
   812.085 145.402 
   841.474 173.245 
   860.036 197.994 
   890.973 235.118 
   911.082 272.242 
   929.644 318.647 
   938.925 366.598 
   948.206 414.55 
   955.94 456.314 
   966.768 507.36 
   976.049 549.124 
   980.689 603.263 
   993.064 652.761 
   1003.89 702.26 
   1010.08 767.227 
   997.704 754.852 
   972.955 736.29 
   952.846 720.822 
   940.471 685.245 
   918.816 663.589 
   881.692 634.199 
   843.021 603.263 
   801.257 580.06 
   756.399 552.218 
   709.994 522.828 
   692.979 484.157 
   688.338 448.58 
   688.338 403.722 
   688.339 369.692 
   706.9 337.208 
   711.541 310.912 
   699.166 276.882 
   677.511 258.32 
   651.215 252.133 
   641.934 218.103 
   640.387 177.885 
   648.121 143.855 
   665.136 117.559 
   703.807 105.184 
}
