n_points:  53
{
   617.184 78.8882 
   640.387 83.5287 
   672.87 97.4501 
   702.26 117.559 
   723.915 143.855 
   747.118 168.604 
   770.32 202.634 
   787.335 244.399 
   796.616 287.71 
   799.71 334.115 
   801.257 391.347 
   798.163 443.94 
   793.523 481.063 
   790.429 521.281 
   793.523 561.498 
   801.257 601.716 
   808.991 641.934 
   818.272 680.604 
   824.459 714.634 
   827.553 750.211 
   822.912 773.414 
   798.163 748.665 
   771.867 730.103 
   748.665 717.728 
   723.915 711.541 
   702.26 706.9 
   677.511 703.807 
   699.166 688.338 
   725.462 680.604 
   742.477 669.776 
   745.571 645.027 
   736.29 620.278 
   720.822 592.435 
   702.26 566.139 
   680.604 535.202 
   657.402 504.266 
   631.106 474.876 
   610.997 443.94 
   607.903 411.456 
   600.169 383.613 
   597.076 352.677 
   593.982 312.459 
   590.888 287.71 
   586.248 258.32 
   578.514 236.665 
   564.592 215.009 
   544.483 205.728 
   519.734 205.728 
   521.281 165.511 
   529.015 129.934 
   544.483 98.997 
   566.139 83.5287 
   590.888 75.7946 
}
