n_points:  49
{
   662.588 94.8148 
   690.475 100.392 
   721.708 119.355 
   749.595 141.664 
   770.789 163.974 
   796.444 189.63 
   823.216 221.978 
   838.832 259.904 
   853.333 302.292 
   862.257 348.026 
   872.296 409.377 
   876.758 464.035 
   877.874 514.231 
   882.336 570.004 
   890.144 630.24 
   894.606 681.551 
   903.529 731.747 
   910.222 766.327 
   912.453 798.675 
   905.76 824.331 
   890.144 791.983 
   872.296 767.442 
   846.641 741.786 
   820.985 722.823 
   795.329 711.669 
   768.558 706.091 
   767.442 674.858 
   764.096 642.51 
   754.057 607.93 
   735.094 573.351 
   710.553 533.194 
   674.858 499.73 
   645.856 470.728 
   629.124 456.227 
   629.124 428.34 
   626.893 395.991 
   625.778 368.105 
   619.085 350.257 
   628.009 331.294 
   635.817 314.562 
   633.586 287.791 
   625.778 274.405 
   610.161 265.481 
   588.967 262.135 
   585.621 220.863 
   586.736 187.399 
   591.198 143.895 
   609.046 116.009 
   634.702 99.2767 
}
