n_points:  49
{
   648.121 81.9819 
   686.792 91.2628 
   727.009 109.825 
   764.133 131.48 
   801.257 170.151 
   829.1 215.009 
   855.396 266.054 
   873.958 327.927 
   890.973 378.973 
   904.894 443.94 
   923.456 502.719 
   942.018 569.233 
   962.127 632.653 
   977.595 689.885 
   988.423 745.571 
   994.61 802.804 
   991.517 849.208 
   989.97 897.16 
   983.782 942.018 
   972.955 909.535 
   957.486 881.692 
   937.378 856.943 
   911.082 838.381 
   880.145 821.366 
   846.115 813.631 
   819.819 812.085 
   784.242 812.085 
   770.32 784.242 
   759.492 744.024 
   742.477 706.9 
   727.009 682.151 
   696.073 637.293 
   672.87 609.45 
   672.87 575.42 
   672.87 529.015 
   668.23 484.157 
   662.042 425.378 
   652.761 392.894 
   641.934 346.489 
   634.199 323.287 
   621.825 301.631 
   597.076 273.789 
   573.873 266.054 
   553.764 266.054 
   544.483 210.369 
   549.124 160.87 
   555.311 117.559 
   578.514 94.3565 
   612.544 81.9819 
}
