n_points:  50
{
   685 86 
   723.667 94 
   762.333 114 
   801 143 
   836 181.667 
   856 220.333 
   866 259 
   870 297.667 
   878 336.333 
   881 375 
   886 413.667 
   889 452.333 
   891 491 
   891 529.667 
   893 568.333 
   896 607 
   898 645.667 
   900 684.333 
   903 723 
   910 761.667 
   907 800.333 
   901 839 
   884.5 822.5 
   868 808 
   851.5 797 
   835 788 
   818.5 778 
   802 772 
   797 736.385 
   787 700.769 
   772 665.154 
   749.538 629.538 
   715.923 593.923 
   688 558.308 
   668 522.692 
   670 487.077 
   674.538 451.462 
   673 415.846 
   670 380.231 
   667 344.615 
   667 309 
   670 277 
   666 245 
   644 215 
   612 200 
   610 174.667 
   609 149.333 
   609 124 
   634.333 101.667 
   659.667 90 
}
