n_points:  47
{
   714.634 89.716 
   748.665 97.4501 
   781.148 116.012 
   807.444 134.574 
   833.74 163.964 
   849.208 205.728 
   861.583 252.133 
   872.411 300.085 
   883.239 352.677 
   892.52 406.816 
   903.347 460.955 
   917.269 508.906 
   929.643 567.686 
   940.471 620.278 
   949.752 668.23 
   955.94 703.807 
   955.94 734.743 
   959.033 774.961 
   938.924 747.118 
   923.456 720.822 
   900.254 705.353 
   873.958 694.526 
   846.115 685.245 
   818.272 677.511 
   808.991 646.574 
   793.523 612.544 
   774.961 578.514 
   754.852 553.764 
   730.103 522.828 
   705.353 498.079 
   686.792 476.423 
   665.136 450.127 
   651.214 430.018 
   646.574 399.082 
   645.027 366.598 
   640.387 343.396 
   632.653 323.287 
   638.84 304.725 
   643.48 283.069 
   638.84 255.227 
   628.012 241.305 
   609.45 233.571 
   610.997 199.541 
   617.184 162.417 
   632.653 128.387 
   657.402 106.731 
   686.792 92.8097 
}
