n_points:  50
{
   651 113 
   689.238 119.238 
   727.476 144.476 
   763.714 182.714 
   793.952 220.952 
   822.19 259.19 
   847 297.429 
   866 335.667 
   881 373.905 
   893.143 412.143 
   907 450.381 
   915 488.619 
   922.857 526.857 
   930.095 565.095 
   942 603.333 
   950 641.571 
   959 679.81 
   970 718.048 
   981 756.286 
   990 794.524 
   996 832.762 
   995 871 
   963.833 832.833 
   925.667 806.667 
   887.5 787 
   849.333 779 
   811.167 776 
   773 767 
   772 739.308 
   762 711.615 
   750 683.923 
   739 656.231 
   723.538 628.538 
   706.846 600.846 
   688 573.154 
   665.462 545.462 
   642.769 517.769 
   623 490.077 
   609.385 462.385 
   601 434.692 
   594 407 
   596 379.5 
   597 352 
   588.5 324.5 
   563 308 
   558 268.333 
   560 228.667 
   561 189 
   574.667 149.333 
   611.333 119.667 
}
