n_points:  50
{
   667 67 
   709.714 77.7143 
   752.429 107.429 
   795.143 150.143 
   825.857 192.857 
   841.571 235.571 
   853.286 278.286 
   864 321 
   874 363.714 
   881 406.429 
   887 449.143 
   896 491.857 
   902 534.571 
   909 577.286 
   918 620 
   924.714 662.714 
   932 705.429 
   940.143 748.143 
   947 790.857 
   945 833.571 
   938.714 876.286 
   937 919 
   926 893 
   915 867 
   898 841 
   875 815 
   849 795 
   823 784 
   813 751.615 
   808 719.231 
   799 686.846 
   783 654.462 
   761.077 622.077 
   735.692 589.692 
   705.308 557.308 
   677 525.923 
   656.538 493.538 
   639 461.154 
   634 428.769 
   633 396.385 
   623 364 
   632 329.25 
   633 294.5 
   605.75 266 
   571 268 
   558 227.667 
   558 187.333 
   566 147 
   586.333 106.667 
   626.667 74.3334 
}
