n_points:  46
{
   705.353 111.372 
   747.118 120.653 
   785.789 136.121 
   818.272 157.776 
   852.302 182.526 
   873.958 218.103 
   884.786 252.133 
   894.066 296.991 
   901.801 346.489 
   911.082 399.082 
   923.456 448.58 
   932.737 498.079 
   945.112 556.858 
   959.033 612.544 
   974.502 666.683 
   989.97 716.181 
   999.251 754.852 
   1006.98 781.148 
   985.329 761.039 
   962.127 737.837 
   931.19 717.728 
   903.347 706.9 
   867.77 700.713 
   836.834 694.526 
   804.35 699.166 
   774.961 671.323 
   740.931 645.027 
   705.353 607.903 
   669.776 576.967 
   638.84 544.483 
   634.199 516.641 
   631.106 471.782 
   624.918 430.018 
   626.465 403.722 
   632.653 388.254 
   637.293 361.958 
   626.465 321.74 
   612.544 307.819 
   589.341 303.178 
   569.233 301.631 
   572.326 253.68 
   580.06 216.556 
   590.888 170.151 
   615.637 137.668 
   641.934 114.465 
   672.87 109.825 
}
