n_points:  50
{
   665 118 
   695.429 122 
   725.857 135 
   755.286 162.286 
   783.714 192.714 
   808 222.143 
   825 252.571 
   835 283 
   840 313.429 
   842 343.857 
   846 374.286 
   846 404.714 
   845 435.143 
   844 465.571 
   842 496 
   842 526.429 
   842 556.857 
   842 587.286 
   847.714 617.714 
   854.143 648.143 
   862.571 678.571 
   873 709 
   861.5 701 
   850 693 
   838.5 684.5 
   827 676 
   815.5 670.5 
   804 666 
   819 635.615 
   812.231 605.231 
   795.846 574.846 
   767.462 548 
   737.077 530 
   706.692 515 
   676.308 504 
   662 477.923 
   656 447.538 
   646 417.154 
   639 386.769 
   628 356.385 
   626 326 
   622 298.5 
   613 271 
   590.5 251 
   563 247 
   564 216.667 
   568 186.333 
   578 156 
   604.333 132 
   634.667 122.333 
}
