n_points:  50
{
   608 79 
   641.333 92 
   674.667 108.667 
   708 135 
   737.333 168.333 
   756 201.667 
   775 235 
   789 268.333 
   799 301.667 
   807 335 
   814 368.333 
   820 401.667 
   827 435 
   832 468.333 
   837 501.667 
   841 535 
   843 568.333 
   843 601.667 
   845 635 
   855 668.333 
   862 701.667 
   866 735 
   854.5 727.5 
   843 720 
   831.5 713 
   820 707 
   808.5 701.5 
   797 696 
   801 663.615 
   796 631.231 
   778 598.846 
   754 566.462 
   728.077 535.077 
   699.692 503.692 
   667.308 481.308 
   634.923 452.923 
   612.538 421.538 
   609 389.154 
   606 356.769 
   605 324.385 
   609 292 
   604 265.75 
   592.5 239.5 
   569.25 221.25 
   543 217 
   538 189.333 
   538 161.667 
   544 134 
   556.667 106.333 
   580.333 84 
}
