n_points:  54
{
   641.934 7.73414 
   683.698 15.4683 
   716.181 30.9366 
   753.305 52.5921 
   788.882 75.7946 
   821.366 117.559 
   843.021 153.136 
   861.583 208.822 
   878.598 261.414 
   889.426 321.74 
   906.441 383.613 
   915.722 447.033 
   929.643 516.641 
   934.284 575.42 
   940.471 624.918 
   942.018 677.511 
   948.205 748.665 
   948.205 798.163 
   935.831 841.474 
   926.55 877.051 
   920.363 907.988 
   901.801 940.471 
   889.426 898.707 
   881.692 867.77 
   866.224 841.474 
   846.115 826.006 
   826.006 815.178 
   782.695 810.538 
   774.961 782.695 
   764.133 747.118 
   761.039 708.447 
   759.492 671.323 
   748.665 626.465 
   734.743 586.248 
   714.634 546.03 
   689.885 508.906 
   660.495 476.423 
   632.653 433.112 
   612.544 394.441 
   600.169 363.505 
   590.888 337.208 
   581.607 315.553 
   583.154 293.897 
   580.06 275.335 
   570.779 259.867 
   553.764 247.492 
   539.843 244.399 
   536.749 197.994 
   536.749 157.776 
   544.483 108.278 
   553.764 68.0604 
   563.045 34.0302 
   580.06 17.0151 
   612.544 9.28097 
}
