n_points:  50
{
   698 90 
   738.048 99 
   778.095 118.095 
   818.143 152.143 
   857.19 191.19 
   885 231.238 
   896 271.286 
   903 311.333 
   910 351.381 
   914 391.429 
   920 431.476 
   927 471.524 
   933 511.571 
   938.619 551.619 
   947 591.667 
   957 631.714 
   964.762 671.762 
   974 711.81 
   986 751.857 
   992.905 791.905 
   997.952 831.952 
   1001 872 
   969.667 836.667 
   942.333 802.333 
   907 785 
   871.667 775.667 
   836.333 764 
   801 756 
   795.769 723.769 
   785 691.538 
   764.308 659.308 
   742.077 627.077 
   723 594.846 
   699.615 562.615 
   672.385 530.385 
   655 498.154 
   643 465.923 
   633 433.692 
   626 401.462 
   621 369.231 
   628 337 
   639 310 
   640 283 
   626 256 
   600 244 
   594 208.667 
   595 173.333 
   604 138 
   627.333 105 
   662.667 90 
}
