n_points:  50
{
   650 99 
   685.381 109.381 
   720.762 135 
   756.143 166.143 
   789.524 198.524 
   809 233.905 
   827 269.286 
   840.667 304.667 
   847 340.048 
   854 375.429 
   862 410.81 
   868 446.19 
   870 481.571 
   872 516.952 
   874 552.333 
   877 587.714 
   882 623.095 
   890 658.476 
   897 693.857 
   896 729.238 
   890 764.619 
   886 800 
   866 769 
   837 741 
   806 720 
   775 706 
   744 700 
   713 695 
   719 667.692 
   717 640.385 
   714 613.077 
   705.769 585.769 
   694.462 558.462 
   677.154 531.154 
   661.846 503.846 
   647 476.538 
   633 449.231 
   619.923 421.923 
   608 394.615 
   598 367.308 
   585 340 
   588 322.75 
   590 305.5 
   589 288.25 
   579 271 
   576 235 
   574 199 
   575 163 
   582 127 
   614 105 
}
