n_points:  50
{
   708 96 
   745.143 106 
   782.286 132.286 
   819.429 160.429 
   851.571 197.571 
   870.714 234.714 
   881 271.857 
   889 309 
   894 346.143 
   899 383.286 
   905 420.429 
   908 457.571 
   911 494.714 
   912 531.857 
   914 569 
   917 606.143 
   920 643.286 
   922 680.429 
   923 717.571 
   926.714 754.714 
   928 791.857 
   922 829 
   909 797.833 
   880.667 767.667 
   849.5 750.5 
   818.333 734.333 
   787.167 726 
   756 729 
   770 708.923 
   759 682.846 
   744.769 656.769 
   733 630.692 
   718.615 604.615 
   702 578.538 
   685 552.462 
   666.385 526.385 
   648 500.308 
   634 474.231 
   621.154 448.154 
   612 422.077 
   606 396 
   617 373.5 
   620 351 
   619 328.5 
   602 306 
   597 260.5 
   589 215 
   595.5 169.5 
   617 124 
   662.5 100.5 
}
