n_points:  45
{
   682.667 72.5054 
   710.553 81.4292 
   744.017 99.2767 
   774.135 123.817 
   798.675 147.242 
   813.176 174.013 
   819.869 208.593 
   823.216 244.288 
   828.793 284.444 
   831.024 335.756 
   833.255 385.952 
   833.255 435.033 
   834.37 480.767 
   835.486 533.194 
   842.179 586.736 
   857.795 638.048 
   866.719 670.396 
   872.296 706.091 
   870.065 744.017 
   848.871 728.401 
   828.793 708.322 
   809.83 696.052 
   791.983 683.782 
   799.791 658.126 
   794.214 628.009 
   776.366 594.545 
   754.057 559.965 
   733.978 534.309 
   710.553 507.538 
   681.551 484.113 
   659.242 452.88 
   645.856 414.954 
   645.027 382.066 
   645.027 340.302 
   645.027 315.553 
   645.027 276.882 
   646.574 245.946 
   641.394 217.516 
   629.124 195.207 
   613.508 182.937 
   592.314 178.475 
   592.314 146.126 
   605.699 114.893 
   632.471 91.4684 
   657.011 74.7364 
}
