n_points:  50
{
   715 19 
   757.857 36 
   800.714 58.7143 
   843.571 88 
   882.429 126.429 
   909.286 169.286 
   930 212.143 
   940 255 
   945 297.857 
   947 340.714 
   947 383.571 
   948 426.429 
   947 469.286 
   949 512.143 
   951 555 
   956 597.857 
   965 640.714 
   969.571 683.571 
   973 726.429 
   975 769.286 
   974 812.143 
   965 855 
   944 822.833 
   917.667 790.667 
   885.5 772.5 
   853.333 765 
   821.167 762 
   789 759 
   817 726.154 
   818 689.308 
   814 652.462 
   797.615 615.615 
   768.769 578.769 
   741.923 541.923 
   711.077 507.077 
   682 476.231 
   679 439.385 
   687 402.538 
   693 365.692 
   690 328.846 
   682 292 
   686 252.25 
   677.5 212.5 
   650.75 177.75 
   611 166 
   611 131.5 
   614 97 
   619 62.5 
   646 32 
   680.5 21 
}
