n_points:  47
{
   692.979 38.6707 
   734.743 46.4048 
   764.133 64.9668 
   791.976 86.6224 
   815.178 112.918 
   830.647 145.402 
   843.021 182.526 
   852.302 222.743 
   860.036 273.789 
   869.317 327.927 
   877.051 378.973 
   884.786 439.299 
   890.973 487.251 
   901.801 536.749 
   914.175 589.341 
   920.363 637.293 
   918.816 686.792 
   914.175 731.65 
   907.988 778.054 
   895.613 751.758 
   880.145 717.728 
   861.583 691.432 
   826.006 671.323 
   836.834 646.574 
   841.474 618.731 
   836.834 586.248 
   827.553 550.671 
   802.804 516.641 
   779.601 487.251 
   747.118 456.314 
   719.275 426.924 
   691.432 389.801 
   671.323 360.411 
   648.121 337.208 
   641.934 315.553 
   632.653 281.523 
   640.387 261.414 
   648.121 241.305 
   643.48 221.196 
   629.559 204.181 
   612.544 193.353 
   595.529 190.26 
   592.435 157.776 
   593.982 120.653 
   604.81 85.0755 
   624.918 54.139 
   658.949 41.7644 
}
