n_points:  46
{
   673.743 89.2375 
   701.63 94.8148 
   726.17 107.085 
   748.479 122.702 
   773.02 141.664 
   795.329 161.743 
   809.83 190.745 
   826.562 223.094 
   841.063 261.02 
   851.102 297.83 
   854.449 339.102 
   862.257 382.606 
   867.834 424.993 
   871.181 466.266 
   872.296 515.346 
   871.181 567.773 
   876.758 620.2 
   882.336 669.281 
   891.259 713.9 
   900.183 749.595 
   905.76 799.791 
   871.489 766.911 
   845.345 695.013 
   825.736 649.26 
   817.021 623.115 
   799.591 599.149 
   776.366 577.813 
   747.364 546.58 
   720.593 518.693 
   701.63 489.691 
   668.166 462.919 
   655.895 436.148 
   648.087 402.684 
   642.51 369.22 
   651.434 351.373 
   663.704 332.41 
   668.166 304.523 
   660.357 279.983 
   641.394 263.251 
   624.662 256.558 
   606.815 255.442 
   605.699 210.824 
   609.046 163.974 
   612.392 123.817 
   626.893 103.739 
   653.664 92.5839 
}
