n_points:  50
{
   732 63 
   773.19 76.1905 
   814.381 100.381 
   855.571 130 
   887.762 168.762 
   904 209.952 
   910 251.143 
   916 292.333 
   922 333.524 
   927.714 374.714 
   933 415.905 
   938 457.095 
   941 498.286 
   944 539.476 
   949 580.667 
   954 621.857 
   961 663.048 
   968 704.238 
   978 745.429 
   980 786.619 
   981 827.81 
   982 869 
   962.167 845.167 
   943.333 821.333 
   920.5 806.5 
   896.667 798.667 
   872.833 793 
   849 787 
   877.615 756.385 
   878 720.769 
   861 685.154 
   839.538 649.538 
   814.923 613.923 
   784.308 580.308 
   749.692 546.692 
   729.077 511.077 
   720 475.462 
   716 439.846 
   712 404.231 
   706 368.615 
   699 333 
   692.5 300.5 
   680 268 
   649.5 247.5 
   617 249 
   614.667 209.667 
   614 170.333 
   623 131 
   653.333 91.6666 
   692.667 72.3334 
}
