n_points:  50
{
   665 36 
   706.857 54 
   748.714 85.7143 
   790 122.571 
   816.429 164.429 
   836.286 206.286 
   849 248.143 
   855 290 
   861 331.857 
   862 373.714 
   861 415.571 
   859 457.429 
   857 499.286 
   856 541.143 
   855 583 
   855 624.857 
   857 666.714 
   868 708.571 
   875 750.429 
   876 792.286 
   875 834.143 
   872 876 
   863 852.167 
   851.333 828.333 
   832.5 804.5 
   808.667 787.667 
   784.833 775 
   761 766 
   758 731.231 
   752 696.462 
   742 661.692 
   727 626.923 
   709.154 592.154 
   692 557.385 
   672.615 522.615 
   645.846 487.846 
   636 453.077 
   629 418.308 
   620.538 383.538 
   616 348.769 
   611 314 
   616 282.75 
   619 251.5 
   610.25 220.25 
   582 206 
   577 170.167 
   579 134.333 
   579 98.5 
   594.333 62.6666 
   629.167 38 
}
