n_points:  48
{
   666.683 95.9033 
   699.166 103.637 
   736.29 120.653 
   770.32 143.855 
   796.616 174.792 
   819.819 199.541 
   843.021 233.571 
   863.13 276.882 
   880.145 334.115 
   892.52 395.988 
   907.988 473.329 
   917.269 535.202 
   920.363 607.903 
   931.19 674.417 
   937.378 730.103 
   943.565 793.523 
   946.659 843.021 
   942.018 906.441 
   934.284 937.378 
   912.628 988.423 
   890.973 938.924 
   860.036 900.254 
   829.1 870.864 
   790.429 852.302 
   759.492 835.287 
   725.462 815.178 
   740.931 782.695 
   751.758 745.571 
   750.211 708.447 
   734.743 666.683 
   711.541 632.653 
   685.245 592.435 
   658.949 547.577 
   631.106 501.172 
   626.465 459.408 
   626.465 417.643 
   620.278 385.16 
   626.465 365.051 
   628.012 335.662 
   623.372 304.725 
   598.622 279.976 
   570.779 266.054 
   570.779 233.571 
   570.779 191.807 
   572.326 157.776 
   583.154 128.387 
   604.81 102.091 
   643.48 94.3565 
}
