n_points:  50
{
   674 42 
   714.571 50.5714 
   755.143 81.1429 
   794 121.714 
   831 162.286 
   849 202.857 
   861 243.429 
   872 284 
   882 324.571 
   891 365.143 
   895.714 405.714 
   899 446.286 
   902 486.857 
   899.571 527.429 
   900 568 
   903 608.571 
   911 649.143 
   918 689.714 
   925.286 730.286 
   931 770.857 
   927 811.429 
   913 852 
   906 834.167 
   898 816.333 
   887.5 798.5 
   873.667 780.667 
   855.833 763.833 
   838 747 
   853 711.692 
   852.385 676.385 
   843.077 641.077 
   828 605.769 
   810 570.462 
   782.154 535.154 
   747.846 504.846 
   712.538 477.538 
   677.231 447 
   649 411.923 
   647 376.615 
   649.692 341.308 
   651 306 
   654 280.25 
   651 254.5 
   631.75 231 
   606 224 
   602 187.5 
   600 151 
   597 114.5 
   603 78 
   637.5 50.5 
}
