n_points:  56
{
   688.244 108.2 
   717.246 120.471 
   745.133 133.856 
   785.29 158.397 
   817.638 178.475 
   841.063 205.246 
   861.142 233.133 
   883.451 274.405 
   897.952 315.678 
   909.107 361.412 
   918.03 411.608 
   921.377 457.342 
   924.723 505.307 
   925.839 555.503 
   924.723 612.392 
   924.723 657.011 
   931.416 707.207 
   936.993 748.479 
   943.686 800.906 
   945.917 854.449 
   947.033 896.837 
   942.571 929.185 
   947.033 961.534 
   947.033 994.998 
   925.839 967.111 
   902.414 945.917 
   900.183 919.146 
   893.49 894.606 
   880.105 864.488 
   856.68 848.871 
   827.678 832.139 
   798.675 804.253 
   766.327 770.789 
   744.017 742.902 
   725.054 707.207 
   706.091 671.512 
   681.551 644.741 
   660.357 622.431 
   632.471 590.083 
   612.392 553.272 
   603.468 519.808 
   611.277 481.882 
   625.778 450.649 
   642.51 414.954 
   640.387 383.613 
   653.664 358.065 
   662.588 333.525 
   659.242 306.754 
   646.972 273.29 
   626.893 257.673 
   605.699 249.865 
   601.237 211.939 
   601.237 176.244 
   603.468 139.434 
   617.969 112.662 
   651.434 103.739 
}
