n_points:  50
{
   657 90 
   691.333 112.333 
   724.667 146.667 
   756 181 
   776 216.333 
   794 251.667 
   802 287 
   810 322.333 
   817 357.667 
   823 393 
   827 428.333 
   829 463.667 
   829 499 
   829 534.333 
   828 569.667 
   831 605 
   835 640.333 
   839 675.667 
   845 711 
   850 746.333 
   853 781.667 
   857 817 
   845 801 
   834 785 
   822 769 
   809 753 
   793 742 
   777 735 
   774 703 
   766 671 
   755 639 
   740 607 
   716 575 
   684 543 
   657 511 
   636 479 
   623 447 
   614 415 
   610 383 
   607 351 
   600 319 
   608 289 
   612 259 
   599 229 
   569 213 
   557 180.167 
   556 147.333 
   562 114.5 
   591.333 87 
   624.167 80 
}
