n_points:  50
{
   678 131 
   713.333 139 
   748.667 157.667 
   784 183 
   817.333 213.333 
   845.667 248.667 
   864 284 
   875 319.333 
   883 354.667 
   890 390 
   897 425.333 
   903 460.667 
   907 496 
   910 531.333 
   914 566.667 
   915 602 
   919 637.333 
   924 672.667 
   928 708 
   933 743.333 
   934 778.667 
   935 814 
   922.167 791.167 
   909 768.333 
   892.5 745.5 
   870.667 724.667 
   847.833 709.833 
   825 701 
   810 674.231 
   798 647.462 
   789 620.692 
   777 593.923 
   762.154 567.154 
   744.385 541 
   717.615 524.615 
   696 498.846 
   682 472.077 
   670 445.308 
   656.538 418.538 
   643.769 391.769 
   625 365 
   622 346.5 
   618 328 
   607.5 309.5 
   592 291 
   589 257.5 
   589 224 
   593 190.5 
   612 157 
   644.5 137 
}
