n_points:  50
{
   680 80 
   717.714 93 
   755.429 115 
   793.143 143 
   824 178.857 
   840.571 216.571 
   849.286 254.286 
   855 292 
   860 329.714 
   863 367.429 
   868 405.143 
   869 442.857 
   871 480.571 
   873 518.286 
   871 556 
   876 593.714 
   882 631.429 
   887 669.143 
   891 706.857 
   897 744.571 
   896 782.286 
   881 820 
   868 786.833 
   846.667 753.667 
   813.5 733 
   780.333 726 
   747.167 719.167 
   714 715 
   744.462 685.538 
   755 653.077 
   753 620.615 
   740.154 588.154 
   721.692 555.692 
   695.231 523.231 
   669.769 490.769 
   643.308 458.308 
   619 425.846 
   616 393.385 
   617 360.923 
   617 328.462 
   611 296 
   630 268.25 
   630 240.5 
   610.75 215.75 
   583 207 
   582 177.833 
   586 148.667 
   596.5 119.5 
   621.667 98 
   650.833 86 
}
