n_points:  50
{
   653 111 
   693.238 125.238 
   733.476 153.476 
   770.714 192.714 
   800 232.952 
   819.19 273.19 
   835 313.429 
   847 353.667 
   856 393.905 
   864 434.143 
   869.381 474.381 
   873.619 514.619 
   871 554.857 
   869 595.095 
   868 635.333 
   866 675.571 
   870 715.81 
   874 756.048 
   877 796.286 
   874.476 836.524 
   870 876.762 
   854 917 
   842 891.667 
   824.333 866.333 
   801 841 
   775.667 823.667 
   750.333 810.333 
   725 801 
   736 769 
   744 737 
   741 705 
   732 673 
   718 641 
   704 609 
   688 577 
   670 545 
   648 513 
   630 481 
   616 449 
   601 417 
   603 385 
   607 362.25 
   610 339.5 
   606 316.75 
   585 305 
   580 267 
   578 229 
   581 191 
   589 153 
   615 119 
}
