n_points:  50
{
   665 57 
   697.857 65 
   730.714 85.7143 
   763.571 109 
   795.429 140.429 
   817 173.286 
   831 206.143 
   839 239 
   848 271.857 
   856 304.714 
   861 337.571 
   864 370.429 
   866 403.286 
   871 436.143 
   874 469 
   877 501.857 
   880 534.714 
   890.571 567.571 
   897.429 600.429 
   901 633.286 
   899 666.143 
   894 699 
   880.5 682.5 
   867 666 
   850.5 649.5 
   834 640 
   817.5 631 
   801 622 
   800 593.923 
   802 565.846 
   801.769 537.769 
   792 509.692 
   772.615 481.615 
   747.538 454 
   719.462 427.462 
   691.385 401.385 
   664.308 377.308 
   645 349.231 
   643 321.154 
   638 293.077 
   636 265 
   637 237.75 
   626.5 210.5 
   602.25 187.25 
   575 183 
   573 155.333 
   575 127.667 
   586 100 
   609.667 73 
   637.333 61.6666 
}
