n_points:  51
{
   686.792 97.4501 
   723.915 102.091 
   750.211 117.559 
   774.961 137.668 
   804.35 165.511 
   833.74 190.26 
   853.849 219.65 
   873.958 261.414 
   890.973 298.538 
   904.894 358.864 
   915.722 417.643 
   921.909 473.329 
   928.097 532.109 
   932.737 593.982 
   940.471 666.683 
   946.659 731.65 
   959.033 790.429 
   959.033 849.208 
   957.486 890.973 
   952.846 935.831 
   948.205 960.58 
   935.831 980.689 
   920.363 954.393 
   906.441 921.909 
   884.786 892.52 
   852.302 870.864 
   812.085 846.115 
   781.148 830.647 
   742.477 824.459 
   748.665 802.804 
   754.852 778.054 
   757.946 761.039 
   756.399 734.743 
   748.665 702.26 
   739.384 668.23 
   725.462 634.199 
   711.541 595.529 
   688.338 558.405 
   663.589 524.375 
   645.027 499.625 
   648.121 473.329 
   643.48 437.752 
   634.199 405.269 
   617.184 371.239 
   603.263 334.115 
   592.435 292.35 
   592.435 236.665 
   592.435 197.994 
   593.982 151.589 
   607.903 122.199 
   638.84 103.637 
}
