n_points:  50
{
   697 114 
   736.429 124.429 
   775.857 151.857 
   809.286 190.286 
   841.714 229.714 
   868.143 269.143 
   882 308.571 
   892 348 
   900.429 387.429 
   907 426.857 
   913 466.286 
   918 505.714 
   922 545.143 
   925 584.571 
   930 624 
   936 663.429 
   940 702.857 
   944 742.286 
   946 781.714 
   946 821.143 
   942 860.571 
   935 900 
   911.5 879.5 
   888 858 
   863.5 843.5 
   839 834 
   814.5 827 
   790 820 
   793 786.692 
   793 753.385 
   789 720.077 
   777 686.769 
   764.462 653.462 
   745.154 620.154 
   716.846 586.846 
   683.538 558.538 
   658.231 525.231 
   628 491.923 
   621 458.615 
   624 425.308 
   629 392 
   629 369.5 
   626 347 
   617 324.5 
   599 302 
   599 263.333 
   603.333 224.667 
   610 186 
   622.667 147.333 
   658.333 122 
}
