n_points:  50
{
   647 103 
   687.619 107 
   728.238 133.238 
   762.857 171.857 
   801 208.476 
   826 249.095 
   843 289.714 
   851 330.333 
   854 370.952 
   858 411.571 
   860 452.19 
   864 492.81 
   866 533.429 
   868 574.048 
   874.667 614.667 
   883.286 655.286 
   892 695.905 
   899 736.524 
   901 777.143 
   898 817.762 
   888 858.381 
   869 899 
   865 874.5 
   856 850 
   838.5 825.5 
   816 802 
   791.5 786 
   767 777 
   783 749.077 
   781 716.154 
   778 683.231 
   760 650.308 
   733.385 617.385 
   701.462 586.462 
   672.538 553.538 
   642.615 520.615 
   616.692 487.692 
   594.769 454.769 
   581.846 421.846 
   580 388.923 
   583 356 
   593 336.75 
   592 317.5 
   579.25 298.25 
   560 281 
   559 242.167 
   557 203.333 
   561 164.5 
   569.333 125.667 
   608.167 108 
}
