n_points:  50
{
   657 73 
   699.524 79.5238 
   742.048 106.048 
   783.571 137.571 
   816.095 180.095 
   837 222.619 
   854 265.143 
   869 307.667 
   881.19 350.19 
   893.714 392.714 
   903 435.238 
   910 477.762 
   919 520.286 
   930 562.81 
   939.333 605.333 
   949.857 647.857 
   959 690.381 
   961 732.905 
   961 775.429 
   958 817.952 
   951.524 860.476 
   944 903 
   924.5 866.5 
   902 830 
   868.5 801 
   832 787 
   795.5 786 
   759 783 
   779 749.923 
   789 716.846 
   789 683.769 
   783 650.692 
   769.615 617.615 
   748 584.538 
   718.462 551.462 
   687.385 518.385 
   654.308 485.308 
   626.231 452.231 
   607.154 419.154 
   600 386.077 
   597 353 
   612.5 319.5 
   622 286 
   617 252.5 
   592 227 
   587 195.833 
   585.667 164.667 
   587 133.5 
   594.667 102.333 
   625.833 78.1666 
}
