n_points:  52
{
   725.462 55.6858 
   767.227 63.4199 
   799.71 81.9819 
   830.647 106.731 
   850.755 133.027 
   873.958 165.511 
   889.426 207.275 
   898.707 245.946 
   904.894 296.991 
   909.535 348.036 
   909.535 402.175 
   906.441 456.314 
   907.988 508.906 
   907.988 566.139 
   911.082 624.918 
   909.535 683.698 
   909.535 717.728 
   909.535 762.586 
   911.082 799.71 
   904.894 841.474 
   898.707 867.77 
   890.973 894.066 
   881.692 918.816 
   869.317 883.239 
   853.849 856.943 
   821.366 826.006 
   822.912 801.257 
   833.74 779.601 
   841.474 733.196 
   841.474 706.9 
   826.006 665.136 
   807.444 634.199 
   779.601 592.435 
   750.211 566.139 
   730.103 538.296 
   708.447 505.813 
   689.885 474.876 
   677.511 437.752 
   677.511 399.082 
   677.511 357.317 
   680.604 317.1 
   686.792 292.35 
   688.338 266.054 
   685.245 235.118 
   679.057 210.369 
   658.949 193.353 
   634.199 185.619 
   606.357 187.166 
   609.45 146.949 
   618.731 111.372 
   635.746 81.9819 
   672.87 57.2326 
}
