n_points:  52
{
   675.964 102.091 
   703.807 109.825 
   739.384 123.746 
   768.773 150.042 
   793.523 177.885 
   816.725 208.822 
   838.381 242.852 
   856.943 281.523 
   873.958 323.287 
   884.786 374.332 
   892.52 434.659 
   903.347 488.798 
   903.347 556.858 
   907.988 624.918 
   911.082 682.151 
   915.722 745.571 
   918.816 799.71 
   926.55 856.943 
   926.55 904.894 
   906.441 955.94 
   890.973 925.003 
   881.692 898.707 
   863.13 870.864 
   839.927 850.755 
   810.538 836.834 
   781.148 824.459 
   756.399 816.725 
   759.492 790.429 
   764.133 757.946 
   765.68 727.009 
   764.133 696.073 
   753.305 662.042 
   736.29 635.746 
   719.275 606.357 
   699.166 575.42 
   671.323 541.39 
   649.668 510.453 
   629.559 471.782 
   612.544 437.752 
   604.81 394.441 
   598.622 365.051 
   609.45 340.302 
   612.544 315.553 
   614.091 287.71 
   600.169 266.054 
   580.06 253.68 
   556.858 250.586 
   566.139 202.634 
   573.873 163.964 
   592.435 126.84 
   620.278 112.918 
   646.574 103.637 
}
