n_points:  55
{
   698.283 34.5795 
   732.863 41.2723 
   764.096 58.0044 
   791.983 78.0828 
   819.869 103.739 
   837.717 134.972 
   846.641 172.898 
   858.911 215.285 
   868.95 256.558 
   877.874 304.523 
   881.22 353.603 
   886.797 401.569 
   883.451 452.88 
   886.797 510.885 
   880.105 568.889 
   873.412 616.854 
   867.834 660.357 
   867.834 701.63 
   867.834 750.71 
   863.373 794.214 
   854.449 835.486 
   848.871 872.296 
   838.832 912.453 
   822.1 941.455 
   820.985 897.952 
   809.83 863.373 
   789.752 836.601 
   765.211 814.292 
   738.44 798.675 
   712.784 787.521 
   679.32 780.828 
   678.205 760.749 
   682.667 740.671 
   689.359 709.438 
   684.898 674.858 
   673.743 634.702 
   663.704 590.083 
   651.434 539.887 
   638.048 496.383 
   621.316 465.15 
   606.815 443.956 
   588.967 403.8 
   574.466 371.451 
   574.466 339.102 
   578.928 320.139 
   593.429 302.292 
   599.007 278.867 
   596.776 257.673 
   581.159 235.364 
   582.274 191.861 
   586.736 145.011 
   599.007 105.969 
   614.623 74.7364 
   649.203 45.7342 
   675.974 37.9259 
}
