n_points:  46
{
   611.277 63.5817 
   640.279 72.5054 
   659.242 92.5839 
   677.089 116.009 
   696.052 138.318 
   711.669 163.974 
   733.978 186.283 
   759.634 220.863 
   780.828 262.135 
   799.791 319.024 
   810.945 369.22 
   818.754 418.301 
   822.1 455.111 
   822.1 497.499 
   826.562 552.157 
   827.678 606.815 
   833.255 661.473 
   838.832 715.015 
   841.063 750.71 
   837.717 780.828 
   819.869 755.172 
   802.022 737.325 
   777.481 719.477 
   755.172 702.745 
   765.211 673.743 
   760.749 639.163 
   748.479 599.007 
   727.285 561.081 
   699.399 525.386 
   667.05 493.037 
   633.586 471.843 
   630.24 441.725 
   626.893 410.492 
   628.009 370.336 
   630.24 337.987 
   622.431 308.985 
   625.778 286.675 
   620.2 254.327 
   604.584 227.556 
   583.39 211.939 
   561.081 210.824 
   543.233 207.477 
   541.39 160.87 
   544.483 128.387 
   550.671 89.716 
   577.813 70.2745 
}
