n_points:  50
{
   696 114 
   739.19 130.19 
   782.381 158.381 
   823 197.571 
   850.762 240.762 
   872 283.952 
   887.143 327.143 
   900 370.333 
   907 413.524 
   915 456.714 
   924 499.905 
   930 543.095 
   935 586.286 
   941 629.476 
   948 672.667 
   952 715.857 
   958 759.048 
   965 802.238 
   971 845.429 
   974 888.619 
   972 931.81 
   961 975 
   946 938.167 
   920.333 901.333 
   883.5 874.5 
   846.667 858 
   809.833 844.833 
   773 840 
   765 807.846 
   760 775.692 
   756 743.538 
   742 711.385 
   726.231 679.231 
   709 647.077 
   685.923 614.923 
   662.769 582.769 
   647.615 550.615 
   640 518.462 
   637 486.308 
   639 454.154 
   642 422 
   655 390 
   658 358 
   643 327 
   611 312 
   605.833 270.833 
   601 229.667 
   603 188.5 
   616.667 147.333 
   654.833 118.167 
}
