n_points:  46
{
   649.668 74.2477 
   679.057 77.3414 
   709.994 97.4501 
   744.024 125.293 
   782.695 157.776 
   813.631 191.807 
   841.474 247.492 
   852.302 306.272 
   869.317 369.692 
   881.692 434.659 
   898.707 491.891 
   917.269 556.858 
   934.284 635.746 
   946.659 686.792 
   952.846 748.665 
   959.033 807.444 
   960.58 849.208 
   957.486 895.613 
   925.003 853.849 
   889.426 813.631 
   860.036 793.523 
   835.287 785.789 
   818.272 745.571 
   799.71 696.073 
   782.695 648.121 
   756.399 592.435 
   722.369 552.218 
   694.526 521.281 
   662.042 488.798 
   637.293 462.501 
   624.918 430.018 
   618.731 405.269 
   606.357 374.332 
   601.716 351.13 
   607.903 334.115 
   606.357 314.006 
   595.529 293.897 
   580.06 275.335 
   563.045 266.054 
   547.577 262.961 
   547.577 224.29 
   547.577 179.432 
   559.952 139.215 
   573.873 105.184 
   601.716 83.5287 
   620.278 77.3414 
}
