n_points:  48
{
   660.495 95.9033 
   694.526 106.731 
   723.915 122.199 
   754.852 140.761 
   779.601 165.511 
   802.804 201.088 
   819.819 238.211 
   829.1 286.163 
   835.287 334.115 
   838.381 388.254 
   843.021 442.393 
   843.021 490.344 
   839.927 538.296 
   844.568 597.076 
   856.943 649.668 
   867.77 696.073 
   875.505 734.743 
   873.958 781.148 
   855.396 751.758 
   836.834 731.65 
   810.538 713.088 
   787.335 700.713 
   765.68 696.073 
   742.477 696.073 
   744.024 674.417 
   742.477 641.934 
   736.29 618.731 
   717.728 595.529 
   689.885 563.045 
   665.136 530.562 
   640.387 501.172 
   624.918 470.236 
   614.091 439.299 
   609.45 402.175 
   604.81 374.332 
   603.263 346.489 
   615.637 329.474 
   626.465 310.912 
   623.372 286.163 
   609.45 272.242 
   590.888 264.508 
   569.233 266.054 
   563.045 236.665 
   561.498 196.447 
   564.592 153.136 
   576.967 125.293 
   597.076 106.731 
   628.012 95.9033 
}
