n_points:  50
{
   696 155 
   739.714 170 
   783.429 192.429 
   827.143 219.143 
   863.857 258.857 
   883.571 302.571 
   898 346.286 
   909 390 
   916 433.714 
   924 477.429 
   936 521.143 
   946 564.857 
   955 608.571 
   967.286 652.286 
   977 696 
   986.714 739.714 
   995.429 783.429 
   1004 827.143 
   1007 870.857 
   1006 914.571 
   1001.71 958.286 
   998 1002 
   980 967 
   957 932 
   922 904 
   887 890 
   852 883 
   817 880 
   808 844.538 
   804.077 809.077 
   795 773.615 
   784 738.154 
   764.692 702.692 
   739.231 667.231 
   706.769 631.769 
   677.308 596.308 
   656 560.846 
   649 525.385 
   647 489.923 
   641.462 454.462 
   639 419 
   645 390.5 
   640 362 
   623.5 334 
   595 316 
   596 281.833 
   597 247.667 
   604 213.5 
   627.667 183 
   661.833 161 
}
