n_points:  45
{
   716.181 102.091 
   762.586 116.012 
   796.616 137.668 
   821.366 154.683 
   843.021 182.526 
   866.224 218.103 
   881.692 256.773 
   894.066 309.366 
   904.894 363.505 
   912.628 426.924 
   915.722 484.157 
   920.363 544.483 
   931.19 595.529 
   948.205 645.027 
   954.393 686.792 
   954.393 722.369 
   951.299 754.852 
   935.831 731.65 
   921.909 714.634 
   904.894 706.9 
   890.973 700.713 
   869.317 696.073 
   850.755 686.792 
   838.381 682.151 
   839.927 648.121 
   836.834 617.184 
   832.193 592.435 
   816.725 558.405 
   793.523 529.015 
   767.227 498.079 
   742.477 471.782 
   717.728 443.94 
   696.073 409.909 
   677.511 382.066 
   655.855 357.317 
   645.027 331.021 
   663.589 310.912 
   668.23 286.163 
   660.495 258.32 
   640.387 235.118 
   617.184 225.837 
   617.184 188.713 
   624.918 154.683 
   651.214 123.746 
   685.245 105.184 
}
