n_points:  47
{
   652.761 61.8731 
   686.792 64.9668 
   722.369 83.5287 
   754.852 112.918 
   782.695 134.574 
   805.897 159.323 
   822.912 204.181 
   832.193 249.039 
   844.568 304.725 
   853.849 363.505 
   861.583 422.284 
   869.317 479.517 
   878.598 547.577 
   889.426 615.637 
   900.254 668.23 
   915.722 711.541 
   918.816 753.305 
   917.269 791.976 
   912.628 836.834 
   906.441 881.692 
   887.879 836.834 
   870.864 807.444 
   847.662 781.148 
   818.272 773.414 
   791.976 767.227 
   761.039 762.586 
   740.931 737.837 
   728.556 725.462 
   716.181 692.979 
   700.713 658.949 
   685.245 623.372 
   669.776 581.607 
   655.855 544.483 
   635.746 496.532 
   614.091 450.127 
   607.903 405.269 
   603.263 378.973 
   592.435 355.77 
   597.076 327.927 
   587.795 298.538 
   575.42 279.976 
   556.858 266.054 
   556.858 205.728 
   555.311 150.042 
   559.952 105.184 
   587.795 80.435 
   621.825 66.5136 
}
