n_points:  54
{
   716.181 34.0302 
   747.118 40.2175 
   784.242 63.4199 
   808.991 88.1692 
   835.287 106.731 
   861.583 134.574 
   880.145 168.604 
   901.801 208.822 
   914.175 247.492 
   926.55 295.444 
   940.471 348.036 
   951.299 402.175 
   960.58 460.955 
   963.674 519.734 
   974.502 590.888 
   980.689 652.761 
   989.97 711.541 
   996.157 770.32 
   1002.34 821.366 
   999.251 870.864 
   991.517 918.816 
   976.048 971.408 
   963.674 940.471 
   942.018 900.254 
   915.722 872.411 
   889.426 852.302 
   864.677 843.021 
   832.193 836.834 
   793.523 830.647 
   830.647 824.459 
   844.568 801.257 
   849.208 770.32 
   852.302 739.384 
   847.662 703.807 
   829.1 658.949 
   808.991 621.825 
   782.695 581.607 
   753.305 547.577 
   723.915 512 
   694.526 474.876 
   680.604 440.846 
   675.964 399.082 
   672.87 361.958 
   671.323 329.474 
   671.323 304.725 
   665.136 272.242 
   646.574 258.32 
   620.278 255.227 
   612.544 211.915 
   614.091 171.698 
   618.731 125.293 
   621.825 88.1692 
   637.293 58.7795 
   669.776 43.3112 
}
