n_points:  46
{
   651.214 49.4985 
   691.432 60.3263 
   720.822 81.9819 
   748.665 105.184 
   778.054 133.027 
   798.163 168.604 
   813.631 213.462 
   821.366 256.773 
   827.553 303.178 
   835.287 357.317 
   846.115 406.816 
   850.755 477.97 
   856.943 532.109 
   864.677 593.982 
   875.505 654.308 
   887.879 728.556 
   892.52 773.414 
   887.879 833.74 
   875.505 802.804 
   856.943 773.414 
   832.193 751.758 
   801.257 745.571 
   770.32 736.29 
   745.571 733.196 
   748.665 702.26 
   753.305 662.042 
   750.211 621.825 
   737.837 587.795 
   713.088 550.671 
   686.792 515.094 
   654.308 481.063 
   615.637 448.58 
   610.997 417.643 
   612.544 377.426 
   614.091 340.302 
   612.544 310.912 
   614.091 287.71 
   612.544 258.32 
   601.716 235.118 
   578.514 216.556 
   555.311 213.462 
   552.218 171.698 
   553.764 128.387 
   556.858 88.1692 
   584.701 66.5136 
   614.091 54.139 
}
