n_points:  44
{
   679.057 148.495 
   706.9 153.136 
   733.196 165.511 
   757.946 182.526 
   784.242 197.994 
   810.538 221.196 
   826.006 247.492 
   841.474 287.71 
   850.755 335.662 
   858.489 385.16 
   867.77 447.033 
   880.145 510.453 
   897.16 583.154 
   907.988 640.387 
   925.003 703.807 
   934.284 753.305 
   940.471 810.538 
   920.363 791.976 
   903.347 770.32 
   881.692 753.305 
   860.036 745.571 
   832.193 744.024 
   838.381 725.462 
   830.647 706.9 
   815.178 683.698 
   788.882 662.042 
   764.133 632.653 
   740.931 609.45 
   708.447 584.701 
   674.417 556.858 
   649.668 536.749 
   634.199 508.906 
   632.653 470.236 
   640.387 434.659 
   651.214 411.456 
   652.761 382.066 
   638.84 349.583 
   618.731 327.927 
   589.341 317.1 
   581.607 281.523 
   578.514 245.946 
   580.06 201.088 
   598.622 171.698 
   632.653 154.683 
}
