n_points:  43
{
   600.169 98.997 
   641.934 112.918 
   669.776 134.574 
   699.166 159.323 
   725.462 180.979 
   750.211 215.009 
   771.867 242.852 
   788.882 290.804 
   804.35 329.474 
   818.272 378.973 
   830.647 433.112 
   839.927 484.157 
   847.662 550.671 
   858.489 607.903 
   869.317 663.589 
   875.505 716.181 
   886.332 774.961 
   894.066 824.459 
   895.613 884.786 
   872.411 864.677 
   844.568 838.381 
   826.006 819.819 
   802.804 808.991 
   788.882 805.897 
   787.335 767.227 
   768.773 722.369 
   747.118 672.87 
   722.369 623.372 
   697.619 580.06 
   649.668 533.656 
   612.544 490.344 
   590.888 437.752 
   572.326 395.988 
   555.311 375.879 
   564.592 351.13 
   566.139 326.381 
   556.858 295.444 
   538.296 273.789 
   530.562 227.384 
   527.468 177.885 
   530.562 133.027 
   546.03 112.918 
   572.326 100.544 
}
