n_points:  50
{
   648 90 
   691.857 103.857 
   734.714 138.714 
   776.571 180.571 
   813 224.429 
   838.286 268.286 
   857.143 312.143 
   872 356 
   883 399.857 
   888 443.714 
   892 487.571 
   894 531.429 
   896 575.286 
   897 619.143 
   897 663 
   897 706.857 
   899 750.714 
   905 794.571 
   913 838.429 
   917 882.286 
   917 926.143 
   916 970 
   887.333 948.333 
   858.667 925.667 
   830 911 
   801.333 904 
   772.667 900 
   744 896 
   756 859.538 
   755 823.077 
   740.615 786.615 
   717 750.154 
   691 713.692 
   666.231 677.231 
   647 640.769 
   631 604.308 
   618 567.846 
   601.385 531.385 
   584 494.923 
   574 458.462 
   571 422 
   596 390 
   601 356 
   595 322 
   565 299 
   562 259 
   561 219 
   565 179 
   576 139 
   608 101 
}
