n_points:  50
{
   656 65 
   698.762 79.7619 
   741.524 103.524 
   784.286 134.286 
   826.048 173.048 
   857 215.81 
   873.571 258.571 
   886 301.333 
   896 344.095 
   900.857 386.857 
   904 429.619 
   905 472.381 
   902 515.143 
   906 557.905 
   913 600.667 
   918 643.429 
   921 686.19 
   926 728.952 
   934.714 771.714 
   936 814.476 
   925 857.238 
   917 900 
   906 882.167 
   895 864.333 
   883.5 846.5 
   867.667 828.667 
   849.833 813.833 
   832 799 
   842 764.846 
   846 730.692 
   843 696.538 
   838 662.385 
   821.231 628.231 
   796 594.077 
   765.923 559.923 
   732.769 525.769 
   708 491.615 
   687.462 457.462 
   677 423.308 
   672 389.154 
   667 355 
   676 310.75 
   672 266.5 
   644.25 225 
   600 209 
   595 179.5 
   591 150 
   594 120.5 
   603 91 
   626.5 66 
}
