n_points:  44
{
   425 93 
   382.619 102 
   340.238 121.762 
   297.857 152.143 
   255.476 186.524 
   231.095 228.905 
   212.714 271.286 
   203 313.667 
   197 356.048 
   190 398.429 
   183 440.81 
   180 483.19 
   182 525.571 
   182 567.952 
   178 610.333 
   171 652.714 
   161 695.095 
   152 737.476 
   153.857 779.857 
   158 822.238 
   161 864.619 
   178 907 
   183 867.625 
   206.75 828.25 
   241.125 789.875 
   280.5 758.5 
   319.875 735.125 
   359.25 717.75 
   398.625 705 
   438 696 
   436 654.067 
   432 612.133 
   435 570.2 
   444.733 528.267 
   457.667 486.333 
   471 444.4 
   474 402.467 
   480 360.533 
   486 318.6 
   488 276.667 
   490 234.733 
   495 192.8 
   490 150.867 
   466.933 110.933 
}
