n_points:  44
{
   385 48 
   343.571 55 
   302.143 72.8571 
   262.714 110.286 
   227 150.714 
   204.857 192.143 
   191 233.571 
   179 275 
   170.571 316.429 
   165 357.857 
   160.714 399.286 
   154 440.714 
   149 482.143 
   144 523.571 
   140 565 
   134.571 606.429 
   129 647.857 
   126 689.286 
   125 730.714 
   121 772.143 
   123 813.571 
   141 855 
   156 815.875 
   175.25 776.75 
   210.375 741.625 
   249.5 717.5 
   288.625 706 
   327.75 694 
   366.875 692 
   406 688 
   392 643.2 
   384.4 598.4 
   387 553.6 
   406.2 508.8 
   431 464 
   441 419.2 
   442 374.4 
   443 329.6 
   453 284.8 
   469 240 
   475 195.2 
   472 150.4 
   460 105.6 
   429.8 62 
}
