n_points:  44
{
   375 81 
   327.714 96 
   280.429 118.571 
   235.143 154.857 
   206.857 202.143 
   185.571 249.429 
   173 296.714 
   167 344 
   161 391.286 
   160 438.571 
   157 485.857 
   155 533.143 
   145 580.429 
   138 627.714 
   133 675 
   130.714 722.286 
   126 769.571 
   131 816.857 
   145 864.143 
   159 911.429 
   171 958.714 
   207 1006 
   224 964.625 
   242.75 923.25 
   260 881.875 
   288.5 840.5 
   328.875 811 
   370.25 805 
   411.625 809 
   453 817 
   432.133 764.133 
   414.267 711.267 
   411 658.4 
   434.467 605.533 
   453 552.667 
   458 499.8 
   475 446.933 
   490 394.067 
   491 341.2 
   492 288.333 
   490 235.467 
   487 182.6 
   468.733 129.733 
   427.867 90.8667 
}
