n_points:  44
{
   364 77 
   324.857 82.1429 
   285.714 99 
   246.571 127.429 
   213.429 164.571 
   192 203.714 
   178 242.857 
   171 282 
   166 321.143 
   161 360.286 
   159 399.429 
   158 438.571 
   156 477.714 
   153 516.857 
   148 556 
   140 595.143 
   131.714 634.286 
   123 673.429 
   117 712.571 
   112 751.714 
   113 790.857 
   122 830 
   148 792.25 
   169.5 754.5 
   205.25 719.75 
   243 702 
   280.75 697 
   318.5 694 
   356.25 694 
   394 699 
   397 654.667 
   396 610.333 
   402 566 
   416 521.667 
   427 477.333 
   436 433 
   440 388.667 
   443 344.333 
   444 300 
   448.333 255.667 
   455.667 211.333 
   459 167 
   447 122.667 
   408.333 89 
}
