n_points:  44
{
   417 95 
   376.286 95 
   335.571 108 
   294.857 136.143 
   264 175.857 
   241.429 216.571 
   226 257.286 
   216 298 
   213 338.714 
   214 379.429 
   219 420.143 
   224 460.857 
   230 501.571 
   230 542.286 
   230 583 
   228 623.714 
   223.571 664.429 
   216 705.143 
   205 745.857 
   200 786.571 
   198 827.286 
   202 868 
   228 833 
   262 803 
   297 784 
   332 770 
   367 760 
   402 754 
   437 756 
   472 767 
   478 721 
   476 675 
   473 629 
   478 583 
   476 537 
   471 491 
   475 445 
   482 399 
   488 353 
   499 307 
   501 261 
   500 215 
   490 169 
   463 124 
}
