n_points:  44
{
   417 64 
   378.667 68 
   340.333 83 
   306 119 
   267.667 155.333 
   235.333 193.667 
   216 232 
   199.667 270.333 
   186 308.667 
   174 347 
   162.667 385.333 
   151 423.667 
   141 462 
   132.667 500.333 
   126 538.667 
   122 577 
   118 615.333 
   113.333 653.667 
   107 692 
   105 730.333 
   104 768.667 
   109 807 
   132 760.625 
   169.75 714.25 
   215.125 678.875 
   261.5 656 
   307.875 648 
   354.25 649 
   400.625 652 
   447 665 
   463 623.067 
   460 581.133 
   467 539.2 
   473 497.267 
   477 455.333 
   482 413.4 
   486 371.467 
   490 329.533 
   495 287.6 
   500 245.667 
   502 203.733 
   503 161.8 
   492.867 119.867 
   458.933 82 
}
