n_points:  44
{
   388 88 
   349.762 96 
   311.524 111 
   273.286 134.714 
   236.048 170.952 
   212.81 209.19 
   195.571 247.429 
   183.333 285.667 
   175 323.905 
   167 362.143 
   158 400.381 
   150 438.619 
   140 476.857 
   130 515.095 
   121 553.333 
   112 591.571 
   103 629.81 
   97 668.048 
   94 706.286 
   95 744.524 
   99 782.762 
   104 821 
   125 774.75 
   159.5 731.5 
   205.75 695.25 
   252 667 
   298.25 651 
   344.5 640 
   390.75 638 
   437 645 
   441 606.2 
   431 567.4 
   423 528.6 
   432 489.8 
   443 451 
   458 412.2 
   471 373.4 
   473 334.6 
   476 295.8 
   475 257 
   472 218.2 
   466 179.4 
   452.6 140.6 
   426.8 102.8 
}
