n_points:  44
{
   378 79 
   336.857 86.1429 
   295.714 102.286 
   254.571 133.429 
   217.429 174.571 
   196 215.714 
   187 256.857 
   184 298 
   179 339.143 
   176 380.286 
   174 421.429 
   171 462.571 
   169 503.714 
   167 544.857 
   166 586 
   160 627.143 
   149.714 668.286 
   145 709.429 
   143 750.571 
   143 791.714 
   145 832.857 
   147 874 
   167 834.375 
   194.25 798.75 
   233.875 774 
   273.5 754 
   313.125 731.875 
   352.75 717 
   392.375 707 
   432 680 
   420 637.267 
   428 594.533 
   437 551.8 
   447 509.067 
   449 466.333 
   451 423.6 
   450 380.867 
   452 338.133 
   456.6 295.4 
   457 252.667 
   459 209.933 
   457 167.2 
   451 124.467 
   420.733 90 
}
