n_points:  44
{
   388 103 
   350.571 109.429 
   313.143 123.857 
   275.714 149.286 
   248.286 186.714 
   227.857 224.143 
   213.429 261.571 
   205 299 
   201 336.429 
   197 373.857 
   196 411.286 
   195 448.714 
   192 486.143 
   187 523.571 
   181 561 
   170 598.429 
   155 635.857 
   141.714 673.286 
   132 710.714 
   125.857 748.143 
   120 785.571 
   116 823 
   154.75 791.25 
   193.5 756 
   232.25 722.75 
   271 692 
   309.75 685 
   348.5 684 
   387.25 681 
   426 670 
   416 629.867 
   419 589.733 
   427.4 549.6 
   442 509.467 
   446 469.333 
   450 429.2 
   451 389.067 
   453 348.933 
   452 308.8 
   451 268.667 
   453 228.533 
   456 188.4 
   453 148.267 
   428.133 114 
}
