n_points:  44
{
   368 69 
   324.381 77.619 
   280.762 93.2381 
   238.143 123.857 
   202.524 167.476 
   170 211.095 
   149 254.714 
   135.667 298.333 
   120.048 341.952 
   104.429 385.571 
   92 429.19 
   83 472.81 
   73 516.429 
   64 560.048 
   59 603.667 
   50 647.286 
   41 690.905 
   33 734.524 
   26 778.143 
   22 821.762 
   23 865.381 
   29 909 
   46 852 
   74 795 
   127 751 
   184 725 
   241 712 
   298 712 
   355 713 
   412 705 
   415 660.2 
   418 615.4 
   419 570.6 
   429 525.8 
   437 481 
   447.8 436.2 
   457 391.4 
   459 346.6 
   462 301.8 
   467 257 
   470 212.2 
   464.4 167.4 
   448 122.6 
   412.8 80 
}
