n_points:  44
{
   342 34 
   292.095 40 
   242.19 56.8095 
   194 91.7143 
   152.381 141.619 
   120.476 191.524 
   101.571 241.429 
   86 291.333 
   73.7619 341.238 
   69 391.143 
   66 441.048 
   63 490.952 
   61 540.857 
   58 590.762 
   53 640.667 
   46 690.571 
   36 740.476 
   31 790.381 
   27 840.286 
   27 890.19 
   30 940.095 
   38 990 
   66.25 947.75 
   98.5 907.5 
   140.75 874 
   183 844 
   225.25 815.75 
   267.5 796 
   309.75 790 
   352 788 
   384 735.067 
   377.133 682.133 
   374 629.2 
   381 576.267 
   407.667 523.333 
   412 470.4 
   413 417.467 
   418 364.533 
   428 311.6 
   444 258.667 
   449 205.733 
   447 152.8 
   427.867 99.8667 
   394.933 47.9333 
}
