n_points:  44
{
   383 52 
   350.095 60.9048 
   317.19 78.8095 
   284.286 101.714 
   253.381 134.619 
   229.476 167.524 
   209.571 200.429 
   199 233.333 
   192 266.238 
   186 299.143 
   179.952 332.048 
   175 364.952 
   172 397.857 
   170 430.762 
   169 463.667 
   170 496.571 
   166.524 529.476 
   161.619 562.381 
   152 595.286 
   144 628.19 
   138.905 661.095 
   135 694 
   160.375 664.625 
   187.75 640.25 
   217.125 621.875 
   246.5 610 
   275.875 604 
   305.25 604 
   334.625 606 
   364 609 
   364 570.533 
   362.933 532.067 
   366 493.6 
   370.867 455.133 
   388.333 416.667 
   410 378.2 
   423 339.733 
   431.733 301.267 
   446.2 262.8 
   453.667 224.333 
   450 185.867 
   446 147.4 
   435 108.933 
   420.467 70.4667 
}
