n_points:  44
{
   377 92 
   331.857 107 
   286.714 132.286 
   241.571 170.429 
   199.429 214.571 
   167.286 259.714 
   143 304.857 
   125 350 
   113 395.143 
   102.714 440.286 
   95 485.429 
   90 530.571 
   88 575.714 
   82 620.857 
   77 666 
   71 711.143 
   64 756.286 
   57 801.429 
   54 846.571 
   51 891.714 
   49 936.857 
   52 982 
   75.25 936.75 
   98 891.5 
   139.75 854 
   185 828 
   230.25 809.75 
   275.5 803 
   320.75 807 
   366 820 
   367 769.867 
   371 719.733 
   385 669.6 
   388 619.467 
   385 569.333 
   389 519.2 
   402 469.067 
   427.067 418.933 
   444 368.8 
   453 318.667 
   458 268.533 
   456 218.4 
   450 168.267 
   427.133 120.133 
}
