n_points:  44
{
   353 92 
   308.905 105 
   264.81 121.19 
   220.714 155.286 
   183 198.381 
   169 242.476 
   159.429 286.571 
   148 330.667 
   140 374.762 
   137 418.857 
   135 462.952 
   132 507.048 
   128 551.143 
   121 595.238 
   112 639.333 
   104 683.429 
   96 727.524 
   89 771.619 
   83 815.714 
   78 859.81 
   78 903.905 
   76 948 
   111 903.75 
   141 859.5 
   180.75 818.25 
   225 778 
   269.25 757.75 
   313.5 744 
   357.75 742 
   402 732 
   387 686.933 
   377 641.867 
   372 596.8 
   382.267 551.733 
   404.333 506.667 
   425.4 461.6 
   435.467 416.533 
   444 371.467 
   452 326.4 
   456 281.333 
   451 236.267 
   447 191.2 
   439 146.133 
   398.067 106.067 
}
