n_points:  44
{
   355 97 
   312.381 113 
   269.762 136.238 
   227.143 168 
   188 205.476 
   170.905 248.095 
   162.286 290.714 
   156 333.333 
   151 375.952 
   148 418.571 
   145 461.19 
   142 503.81 
   138 546.429 
   135 589.048 
   132.333 631.667 
   128 674.286 
   122 716.905 
   118 759.524 
   115 802.143 
   120 844.762 
   129 887.381 
   142 930 
   154 890.5 
   179 851 
   209.5 811.5 
   246 785 
   285.5 770 
   325 763 
   364.5 763 
   404 768 
   390 721.533 
   377 675.067 
   378 628.6 
   388 582.133 
   401 535.667 
   412 489.2 
   412 442.733 
   416 396.267 
   419 349.8 
   420 303.333 
   427 256.867 
   429 210.4 
   423 163.933 
   399.467 117.467 
}
