n_points:  44
{
   398 84 
   358.143 90.8571 
   318.286 106.714 
   279.429 131.571 
   246.571 171.429 
   220.714 211.286 
   205 251.143 
   195 291 
   191 330.857 
   185 370.714 
   180 410.571 
   177 450.429 
   173 490.286 
   169 530.143 
   165 570 
   161 609.857 
   155.286 649.714 
   151 689.571 
   144 729.429 
   140 769.286 
   143 809.143 
   151 849 
   171 811 
   202 773 
   234 738 
   272 723 
   310 705 
   348 692 
   386 689 
   424 681 
   422 639.067 
   414 597.133 
   412 555.2 
   426 513.267 
   441 471.333 
   442 429.4 
   444 387.467 
   452 345.533 
   464 303.6 
   468 261.667 
   474 219.733 
   475 177.8 
   471 135.867 
   439.933 98.9333 
}
