n_points:  44
{
   369 91 
   330.619 99 
   292.238 110.762 
   253.857 128.143 
   216.476 164.524 
   187.095 202.905 
   171 241.286 
   159 279.667 
   149 318.048 
   142 356.429 
   138 394.81 
   134 433.19 
   131 471.571 
   127 509.952 
   125 548.333 
   124 586.714 
   122 625.095 
   119 663.476 
   116 701.857 
   113 740.238 
   110 778.619 
   120 817 
   143 775.375 
   163 733.75 
   200.875 694.125 
   242.5 671 
   284.125 665 
   325.75 666 
   367.375 669 
   409 673 
   396 632.267 
   380 591.533 
   380 550.8 
   393.933 510.067 
   405 469.333 
   406 428.6 
   408.133 387.867 
   415 347.133 
   419 306.4 
   425 265.667 
   436 224.933 
   444 184.2 
   437 143.467 
   409.733 102.733 
}
