n_points:  44
{
   385 60 
   343.762 63 
   302.524 79.4762 
   261.286 111.714 
   224.048 151.952 
   198 193.19 
   188 234.429 
   185 275.667 
   184 316.905 
   183 358.143 
   183 399.381 
   182 440.619 
   182 481.857 
   185 523.095 
   187 564.333 
   188 605.571 
   185 646.81 
   183 688.048 
   177 729.286 
   173 770.524 
   175 811.762 
   178 853 
   203.5 813.5 
   231 774 
   261.5 739.5 
   301 717 
   340.5 704 
   380 700 
   419.5 703 
   459 708 
   459 662.8 
   460 617.6 
   463 572.4 
   468 527.2 
   479 482 
   485 436.8 
   489 391.6 
   489 346.4 
   490 301.2 
   497 256 
   494.8 210.8 
   487 165.6 
   467 120.4 
   430.2 80.2 
}
