n_points:  44
{
   364 70 
   329.667 83.3333 
   295.333 105 
   261 133 
   229 165.333 
   206.333 199.667 
   199 234 
   195 268.333 
   193 302.667 
   193 337 
   193 371.333 
   192 405.667 
   190 440 
   189 474.333 
   188 508.667 
   183 543 
   179 577.333 
   176 611.667 
   170 646 
   167 680.333 
   171 714.667 
   175 749 
   190 714.5 
   206 680 
   227.5 645.5 
   262 617 
   296.5 601.5 
   331 596 
   365.5 602 
   400 613 
   399 573.333 
   402 533.667 
   417 494 
   419 454.333 
   414 414.667 
   418 375 
   434.667 335.333 
   446 295.667 
   456 256 
   459.667 216.333 
   463 176.667 
   458 137 
   439.333 97.3334 
   403.667 70 
}
