n_points:  44
{
   428 116 
   386.286 126 
   344.571 153.429 
   302.857 192 
   265.143 229.857 
   236.429 271.571 
   220.714 313.286 
   209 355 
   205 396.714 
   201 438.429 
   197 480.143 
   192.143 521.857 
   188 563.571 
   185 605.286 
   182 647 
   178 688.714 
   174 730.429 
   167 772.143 
   161 813.857 
   158 855.571 
   161 897.286 
   170 939 
   193.25 897.75 
   225.5 858.5 
   266.75 832.25 
   308 814 
   349.25 798 
   390.5 789 
   431.75 783 
   473 769 
   484 723.933 
   485 678.867 
   486.2 633.8 
   490 588.733 
   491 543.667 
   494 498.6 
   500 453.533 
   504 408.467 
   508 363.4 
   512 318.333 
   512 273.267 
   509 228.2 
   499 183.133 
   471.067 138.067 
}
