n_points:  44
{
   391 95 
   348.476 95.5238 
   305.952 116.048 
   266.429 158.571 
   233.905 201.095 
   194.381 243.619 
   168.857 286.143 
   149.333 328.667 
   136 371.19 
   123 413.714 
   107 456.238 
   97 498.762 
   91 541.286 
   85.1905 583.81 
   79 626.333 
   66 668.857 
   59 711.381 
   52 753.905 
   45 796.429 
   43 838.952 
   49.4762 881.476 
   57 924 
   66 878.25 
   88.5 832.5 
   130.25 800 
   176 789 
   221.75 788 
   267.5 791 
   313.25 807.25 
   359 797 
   352 749 
   351 701 
   361 653 
   372 605 
   387 557 
   389 509 
   392 461 
   404 413 
   416 365 
   419 317 
   416 269 
   420 221 
   441 173 
   438 125 
}
