n_points:  44
{
   381 94 
   342.667 96.3333 
   304.333 113 
   266 141 
   230 176.333 
   205.333 214.667 
   189 253 
   176.667 291.333 
   169 329.667 
   164 368 
   159 406.333 
   156 444.667 
   151 483 
   146 521.333 
   139 559.667 
   132 598 
   126 636.333 
   114 674.667 
   107 713 
   109 751.333 
   109 789.667 
   110 828 
   129 788.625 
   152.75 749.25 
   192.125 716.875 
   231.5 691 
   270.875 675 
   310.25 669 
   349.625 665 
   389 653 
   380 613.933 
   377 574.867 
   384 535.8 
   408 496.733 
   422 457.667 
   429 418.6 
   432.467 379.533 
   439 340.467 
   446.6 301.4 
   453 262.333 
   458 223.267 
   459 184.2 
   447 145.133 
   420.067 109.067 
}
