n_points:  44
{
   399 92 
   362.905 104 
   326.81 123.19 
   290.714 151 
   259.619 185.381 
   235 221.476 
   224.429 257.571 
   217 293.667 
   210.238 329.762 
   208.143 365.857 
   206 401.952 
   205 438.048 
   205 474.143 
   204 510.238 
   203 546.333 
   204 582.429 
   205 618.524 
   205 654.619 
   208 690.714 
   210 726.81 
   211 762.905 
   212 799 
   243.375 770.625 
   270.75 741.25 
   302.125 722 
   333.5 710 
   364.875 704 
   396.25 704 
   427.625 705 
   459 695 
   455 652.6 
   452 610.2 
   460.2 567.8 
   476 525.4 
   482 483 
   489 440.6 
   490 398.2 
   490 355.8 
   490 313.4 
   490 271 
   489 228.6 
   486.2 186.2 
   475 143.8 
   441.4 104 
}
