n_points:  44
{
   375 79 
   328.048 86 
   281.095 107.905 
   234.143 142.857 
   187.19 178.81 
   154 224.762 
   135.286 271.714 
   121.333 318.667 
   112 365.619 
   109 412.571 
   108 459.524 
   105 506.476 
   103 553.429 
   97 600.381 
   85 647.333 
   75 694.286 
   64 741.238 
   56 788.19 
   59 835.143 
   66 882.095 
   74 929.048 
   94 976 
   120.75 931.25 
   148.5 886.5 
   192.25 845.75 
   237 814 
   281.75 794 
   326.5 788 
   371.25 786 
   416 788 
   420 738.333 
   417 688.667 
   419 639 
   430 589.333 
   441 539.667 
   446 490 
   455 440.333 
   461 390.667 
   468 341 
   471 291.333 
   474 241.667 
   468 192 
   454 142.333 
   424.667 93.6666 
}
