n_points:  44
{
   366 102 
   327.381 111 
   288.762 135.238 
   251.143 169.857 
   218.524 202.476 
   201 241.095 
   183.286 279.714 
   176 318.333 
   169 356.952 
   161 395.571 
   155.81 434.19 
   150 472.81 
   143 511.429 
   134 550.048 
   123 588.667 
   111 627.286 
   102.095 665.905 
   92 704.524 
   84 743.143 
   80 781.762 
   79 820.381 
   77 859 
   105.75 808.25 
   131.5 757.5 
   173.25 714.75 
   224 683 
   274.75 674 
   325.5 676 
   376.25 690 
   427 703 
   409 660.467 
   402 617.933 
   404.6 575.4 
   417 532.867 
   427 490.333 
   431 447.8 
   431 405.267 
   434 362.733 
   443 320.2 
   452 277.667 
   456 235.133 
   454 192.6 
   442.067 150.067 
   408.533 114.533 
}
