n_points:  44
{
   380 72 
   333.857 85 
   287.714 116.286 
   241.571 155.429 
   207.429 199.571 
   189 245.714 
   170 291.857 
   154 338 
   141 384.143 
   130 430.286 
   124 476.429 
   122 522.571 
   120 568.714 
   116 614.857 
   110 661 
   99 707.143 
   92 753.286 
   86 799.429 
   81 845.571 
   79 891.714 
   89.8571 937.857 
   106 984 
   129 941 
   151 898 
   185 855 
   228 827 
   271 805 
   314 794 
   357 792 
   400 796 
   403 744.6 
   400 693.2 
   407 641.8 
   431.6 590.4 
   452 539 
   460.4 487.6 
   464 436.2 
   476 384.8 
   487 333.4 
   493 282 
   495 230.6 
   487 179.2 
   469 127.8 
   431.4 80.4 
}
