n_points:  44
{
   394 116 
   357.095 120 
   320.19 135 
   283.286 158.714 
   251 194.619 
   226 231.524 
   213 268.429 
   205 305.333 
   198 342.238 
   194 379.143 
   193 416.048 
   191 452.952 
   192 489.857 
   191 526.762 
   188 563.667 
   181.429 600.571 
   169 637.476 
   167 674.381 
   164 711.286 
   161 748.19 
   164.095 785.095 
   176 822 
   189 788.625 
   206.75 755.25 
   232.125 721.875 
   264.5 695.5 
   297.875 678 
   331.25 665 
   364.625 656 
   398 650 
   407 612.8 
   405 575.6 
   409 538.4 
   415.8 501.2 
   426 464 
   438 426.8 
   450 389.6 
   458 352.4 
   463 315.2 
   465 278 
   466 240.8 
   465 203.6 
   458 166.4 
   431.2 129.2 
}
