n_points:  44
{
   390 121 
   346.333 127.667 
   302.667 152 
   259 187 
   226.333 229.667 
   204 273.333 
   189 317 
   180.333 360.667 
   173 404.333 
   163 448 
   155 491.667 
   153 535.333 
   148 579 
   142 622.667 
   133 666.333 
   123 710 
   113 753.667 
   105 797.333 
   100 841 
   102 884.667 
   100 928.333 
   110 972 
   128.25 925.75 
   156.5 879.5 
   200.75 837.25 
   247 805 
   293.25 785.75 
   339.5 776 
   385.75 772 
   432 768 
   426 723 
   427 678 
   423 633 
   423 588 
   435 543 
   453 498 
   462 453 
   467 408 
   467 363 
   472 318 
   475 273 
   477 228 
   468 183 
   435 138 
}
