n_points:  44
{
   421 74 
   380.048 78 
   339.095 93.9048 
   298.143 124.857 
   266.19 162.81 
   242 203.762 
   227.286 244.714 
   218 285.667 
   211 326.619 
   204 367.571 
   197 408.524 
   190.524 449.476 
   185 490.429 
   181.619 531.381 
   173 572.333 
   161 613.286 
   146 654.238 
   134 695.19 
   133 736.143 
   138 777.095 
   139 818.048 
   142 859 
   159.625 817.375 
   186.25 776.75 
   227.875 741.125 
   269.5 714 
   311.125 703 
   352.75 695 
   394.375 696 
   436 692 
   442 648.533 
   445 605.067 
   457.4 561.6 
   473 518.133 
   480 474.667 
   480 431.2 
   484 387.733 
   487 344.267 
   490 300.8 
   494 257.333 
   499 213.867 
   502 170.4 
   495.933 126.933 
   464.467 88 
}
