n_points:  44
{
   360 75 
   313.476 76 
   266.952 96.0476 
   220.429 135.571 
   184.905 182.095 
   159 228.619 
   141.857 275.143 
   126 321.667 
   115 368.19 
   107 414.714 
   99 461.238 
   94 507.762 
   88 554.286 
   84.1905 600.81 
   80 647.333 
   76 693.857 
   73 740.381 
   70 786.905 
   69 833.429 
   74 879.952 
   89 926.476 
   108 973 
   118 936.375 
   145.25 899.75 
   181.875 869 
   218.5 849 
   255.125 831.875 
   291.75 819 
   328.375 809 
   365 789 
   363 739.467 
   355 689.933 
   351 640.4 
   372.133 590.867 
   393.667 541.333 
   414.2 491.8 
   433 442.267 
   448 392.733 
   450 343.2 
   451 293.667 
   452 244.133 
   451 194.6 
   444 145.067 
   409.533 96.5333 
}
