n_points:  44
{
   360 205 
   319.905 218 
   279.81 249.19 
   242.714 286.286 
   220.619 326.381 
   205 366.476 
   199 406.571 
   197 446.667 
   198 486.762 
   199 526.857 
   198 566.952 
   199 607.048 
   201 647.143 
   202 687.238 
   198 727.333 
   197 767.429 
   194 807.524 
   190 847.619 
   192 887.714 
   192 927.81 
   193 967.905 
   196 1008 
   220.25 978.75 
   240.5 949.5 
   265.75 923 
   295 902 
   324.25 893 
   353.5 885 
   382.75 865.25 
   412 841 
   400.2 796.2 
   396 751.4 
   397 706.6 
   402 661.8 
   406 617 
   409 572.2 
   412 527.4 
   424 482.6 
   431 437.8 
   439 393 
   448 348.2 
   448 303.4 
   437 258.6 
   404.8 217.8 
}
