n_points:  44
{
   368 102 
   329.286 110 
   290.571 126 
   252 159.143 
   226.143 197.857 
   215 236.571 
   205.714 275.286 
   198 314 
   196 352.714 
   194 391.429 
   192 430.143 
   191 468.857 
   191 507.571 
   187 546.286 
   184 585 
   181 623.714 
   179 662.429 
   178 701.143 
   178 739.857 
   176 778.571 
   174 817.286 
   191 856 
   206.25 826.75 
   235.5 802 
   264.75 794 
   294 786 
   323.25 783.25 
   352.5 786 
   381.75 790 
   411 787 
   401 738.333 
   401 689.667 
   410 641 
   418 592.333 
   422 543.667 
   426 495 
   428.667 446.333 
   446 397.667 
   465 349 
   469 300.333 
   472 251.667 
   469 203 
   454 154.333 
   416.667 114.667 
}
