n_points:  44
{
   368 107 
   333.762 118 
   299.524 132 
   265.286 156.714 
   232.048 183.952 
   205 213.19 
   191.571 247.429 
   179 281.667 
   171.095 315.905 
   165 350.143 
   162 384.381 
   156 418.619 
   152 452.857 
   150 487.095 
   150 521.333 
   148 555.571 
   146 589.81 
   143 624.048 
   139 658.286 
   135 692.524 
   134 726.762 
   134 761 
   147.125 722.875 
   162 684.75 
   194.375 649.625 
   232.5 626.5 
   270.625 612 
   308.75 605 
   346.875 608 
   385 621 
   389 584.933 
   391 548.867 
   398.2 512.8 
   401 476.733 
   396 440.667 
   396 404.6 
   409 368.533 
   425 332.467 
   432 296.4 
   435 260.333 
   436 224.267 
   441 188.2 
   436 152.133 
   404.067 118.067 
}
