n_points:  44
{
   394 57 
   352.095 64 
   310.19 78 
   268.286 106 
   226.381 144.619 
   189.476 186.524 
   156.571 228.429 
   140.667 270.333 
   128 312.238 
   116.857 354.143 
   106.952 396.048 
   100.048 437.952 
   96.1429 479.857 
   94 521.762 
   91.3333 563.667 
   88 605.571 
   82 647.476 
   71 689.381 
   63 731.286 
   61 773.19 
   60.9048 815.095 
   60 857 
   88 812 
   126 773 
   171 745 
   216 731 
   261 723 
   306 719 
   351 720 
   396 713 
   418 667.267 
   424 621.533 
   435 575.8 
   450 530.067 
   456.667 484.333 
   468 438.6 
   479.133 392.867 
   486 347.133 
   488 301.4 
   489 255.667 
   489 209.933 
   485 164.2 
   471 118.467 
   439.733 76 
}
