n_points:  44
{
   360 78 
   316.619 85 
   273.238 107 
   232.857 146.143 
   190.476 183.524 
   161.095 226.905 
   142 270.286 
   132 313.667 
   125 357.048 
   116 400.429 
   107 443.81 
   98 487.19 
   89.4286 530.571 
   79 573.952 
   66.6667 617.333 
   49.2857 660.714 
   36.9048 704.095 
   27 747.476 
   22 790.857 
   18.7619 834.238 
   23 877.619 
   38 921 
   48.25 876.75 
   63 832.5 
   81.75 788.25 
   116 744 
   160.25 724.75 
   204.5 708.5 
   248.75 705 
   293 708 
   279 663.733 
   281 619.467 
   317.8 576 
   335.933 531.933 
   345 487.667 
   347 443.4 
   363.867 399.133 
   397.133 354.867 
   426.4 310.6 
   439 266.333 
   442 222.067 
   443 177.8 
   438.533 133.533 
   404.267 96.2667 
}
