n_points:  44
{
   380 156 
   340.048 163 
   300.095 179 
   260.143 209.857 
   221.19 242.81 
   191.238 282.762 
   170 322.714 
   153 362.667 
   145 402.619 
   137 442.571 
   133 482.524 
   127 522.476 
   121 562.429 
   116 602.381 
   113 642.333 
   108 682.286 
   101 722.238 
   94 762.19 
   89 802.143 
   78.9048 842.095 
   73.0476 882.048 
   80 922 
   113.75 877.25 
   153.5 837.5 
   198.25 818.75 
   243 804 
   287.75 799 
   332.5 802 
   377.25 806 
   422 806 
   416 760.333 
   411 714.667 
   412 669 
   422 623.333 
   430 577.667 
   431 532 
   435 486.333 
   450 440.667 
   466 395 
   468 349.333 
   476 303.667 
   475 258 
   464 212.333 
   425.667 172.667 
}
