n_points:  44
{
   380 76 
   337.81 87.1905 
   295.619 111.381 
   253.429 147 
   219 188.762 
   194.048 230.952 
   176.857 273.143 
   162 315.333 
   153.476 357.524 
   145 399.714 
   138.095 441.905 
   130.905 484.095 
   125 526.286 
   123 568.476 
   121 610.667 
   117 652.857 
   113 695.048 
   110 737.238 
   115 779.429 
   121 821.619 
   130.81 863.81 
   149 906 
   171 867.5 
   207 833 
   245.5 814.5 
   284 802 
   322.5 795 
   361 792 
   399.5 788.5 
   438 783 
   417.067 734.067 
   414 685.133 
   425 636.2 
   436 587.267 
   420 538.333 
   412 489.4 
   416 440.467 
   432 391.533 
   451 342.6 
   453 293.667 
   451 244.733 
   449 195.8 
   444 146.867 
   428 97.9333 
}
