n_points:  44
{
   427 53 
   398.429 57 
   369.857 72.1429 
   342.286 100.714 
   318.714 129.286 
   296.143 157.857 
   274.571 186.429 
   258 215 
   246.429 243.571 
   235.857 272.143 
   229.286 300.714 
   225 329.286 
   222 357.857 
   220 386.429 
   219 415 
   218 443.571 
   218 472.143 
   219 500.714 
   219 529.286 
   218 557.857 
   221 586.429 
   227 615 
   242 586 
   270 558 
   299 540 
   328 533 
   357 531 
   386 531 
   415 539 
   444 552 
   444 516.933 
   455.133 481.867 
   466.2 446.8 
   471 411.733 
   474 376.667 
   480 341.6 
   485 306.533 
   489 271.467 
   492 236.4 
   491 201.333 
   489 166.267 
   486.2 131.2 
   480 96.1333 
   462.067 62.0667 
}
