n_points:  44
{
   371 104 
   328.762 112.238 
   286.524 133.476 
   244.286 157.714 
   206.048 188.952 
   182.81 231.19 
   160 273.429 
   146 315.667 
   138.095 357.905 
   134 400.143 
   124 442.381 
   119 484.619 
   107 526.857 
   94 569.095 
   85 611.333 
   75 653.571 
   62 695.81 
   49 738.048 
   40 780.286 
   39 822.524 
   43 864.762 
   46 907 
   70 858 
   105 809 
   144 762 
   193 737 
   242 722 
   291 718 
   340 716 
   389 710 
   388 667.6 
   389 625.2 
   408 582.8 
   421.6 540.4 
   432 498 
   439 455.6 
   446.8 413.2 
   454 370.8 
   462 328.4 
   466 286 
   467 243.6 
   461 201.2 
   444.8 158.8 
   413.4 121.4 
}
