n_points:  44
{
   383 129 
   344 135 
   305 152 
   266 174 
   234 210 
   208 249 
   184 288 
   170 327 
   159 366 
   152 405 
   147 444 
   144 483 
   137 522 
   131 561 
   127 600 
   123 639 
   116 678 
   107 717 
   97 756 
   88 795 
   86 834 
   97 873 
   120.5 836.5 
   157 803 
   193.5 779 
   230 763 
   266.5 756 
   303 763 
   339.5 765.5 
   376 758 
   367 713.267 
   367 668.533 
   375 623.8 
   392 579.067 
   412.667 534.333 
   422 489.6 
   425 444.867 
   435 400.133 
   446 355.4 
   453 310.667 
   461 265.933 
   466 221.2 
   460 176.467 
   427.733 137 
}
