n_points:  44
{
   362 62 
   325.048 67 
   288.095 86 
   253 120.857 
   225.19 157.81 
   206 194.762 
   193 231.714 
   183 268.667 
   177 305.619 
   174 342.571 
   173 379.524 
   172 416.476 
   172 453.429 
   173 490.381 
   171 527.333 
   168 564.286 
   160.762 601.238 
   150.81 638.19 
   139.857 675.143 
   133 712.095 
   134.048 749.048 
   140 786 
   163 750 
   196 715 
   232 683 
   268 659 
   304 646 
   340 641 
   376 638 
   412 635 
   434 597.267 
   435.467 555.533 
   445.2 513.8 
   456 472.067 
   455 430.333 
   453 388.6 
   454 346.867 
   451 305.133 
   447 263.4 
   451 221.667 
   454 179.933 
   458 138.2 
   440.467 96.4667 
   403.733 69 
}
