n_points:  44
{
   399 132 
   359 141 
   319 163 
   280 197 
   248 237 
   223 277 
   207 317 
   194 357 
   185 397 
   178 437 
   169 477 
   166 517 
   165 557 
   163 597 
   160 637 
   154 677 
   143 717 
   135 757 
   128 797 
   122 837 
   122 877 
   127 917 
   157.375 878.625 
   193.75 842.25 
   228.125 807.875 
   266.5 784.5 
   304.875 773 
   343.25 774 
   381.625 784 
   420 796 
   408 750.133 
   409 704.267 
   414 658.4 
   426.467 612.533 
   432 566.667 
   433 520.8 
   438 474.933 
   457 429.067 
   467 383.2 
   474.667 337.333 
   479 291.467 
   478 245.6 
   471 199.733 
   444.867 155.867 
}
