n_points:  44
{
   386 13 
   348.762 20 
   311.524 35.4762 
   274.286 62.7143 
   239 95.9524 
   215 133.19 
   199.571 170.429 
   187 207.667 
   179 244.905 
   175 282.143 
   173 319.381 
   173 356.619 
   174 393.857 
   173 431.095 
   169 468.333 
   160 505.571 
   150 542.81 
   143.952 580.048 
   138 617.286 
   133 654.524 
   126 691.762 
   136 729 
   149 694.5 
   173 660 
   207.5 633.5 
   242 610 
   276.5 593.5 
   311 586 
   345.5 583.5 
   380 590 
   386 549.2 
   396 508.4 
   421.4 467.6 
   431 426.8 
   425 386 
   427 345.2 
   443 304.4 
   463 263.6 
   470 222.8 
   470 182 
   473 141.2 
   469 100.4 
   456 59.6 
   426.8 23.8 
}
