n_points:  44
{
   411 163 
   371.667 169 
   332.333 188 
   293 216 
   253.667 248.333 
   225 287.667 
   205 327 
   190 366.333 
   177.333 405.667 
   172 445 
   168 484.333 
   161 523.667 
   154 563 
   150 602.333 
   143 641.667 
   136 681 
   130 720.333 
   124.333 759.667 
   117 799 
   112 838.333 
   108 877.667 
   117 917 
   153.125 882.875 
   189.25 854.75 
   225.375 832 
   261.5 823 
   297.625 819 
   333.75 818 
   369.875 816 
   406 816 
   409 770.667 
   399 725.333 
   398 680 
   408 634.667 
   429.667 589.333 
   450 544 
   451.667 498.667 
   451 453.333 
   458 408 
   473.333 362.667 
   482 317.333 
   484 272 
   480 226.667 
   456.333 182.333 
}
