n_points:  44
{
   353 64 
   311.81 70.1905 
   270.619 86 
   229.429 114.571 
   189.238 151 
   161.048 191.952 
   139.857 233.143 
   121 274.333 
   108 315.524 
   99 356.714 
   90.0952 397.905 
   86 439.095 
   80 480.286 
   71 521.476 
   60 562.667 
   52 603.857 
   44.9524 645.048 
   35 686.238 
   24 727.429 
   15.381 768.619 
   9 809.81 
   7 851 
   34 794 
   78 738 
   135 702 
   192 689 
   249 677 
   306 682 
   363 704 
   420 729 
   426 682.4 
   423 635.8 
   423 589.2 
   427.4 542.6 
   421 496 
   413 449.4 
   416 402.8 
   430.8 356.2 
   446 309.6 
   454 263 
   458 216.4 
   456 169.8 
   439.2 123.2 
   399.6 80.6 
}
