n_points:  44
{
   352 54 
   306.333 63 
   260.667 83 
   220 126 
   188.333 171.667 
   172 217.333 
   160 263 
   154 308.667 
   150 354.333 
   145 400 
   142 445.667 
   138.667 491.333 
   135 537 
   131 582.667 
   128.667 628.333 
   127 674 
   124 719.667 
   117 765.333 
   113 811 
   118 856.667 
   128 902.333 
   140 948 
   172.25 909.75 
   195.5 871.5 
   232.75 842.25 
   265 805 
   301.25 776.75 
   339.5 765.5 
   377.75 766 
   416 776 
   387 725.267 
   378.533 674.533 
   378 623.8 
   392.933 573.067 
   405 522.333 
   407 471.6 
   408 420.867 
   409 370.133 
   430 319.4 
   435 268.667 
   444 217.933 
   444 167.2 
   439.467 116.467 
   402.733 70.7333 
}
