n_points:  44
{
   359 60 
   317.476 74.5238 
   275.952 89.0476 
   234.429 115 
   203.905 154.095 
   168.381 195.619 
   155.857 237.143 
   145.333 278.667 
   141.81 320.19 
   135 361.714 
   131 403.238 
   130 444.762 
   126 486.286 
   122 527.81 
   118 569.333 
   117 610.857 
   115 652.381 
   114 693.905 
   110 735.429 
   111 776.952 
   122.476 818.476 
   145 860 
   155.125 820.875 
   177 781.75 
   200.375 742.625 
   238.5 719 
   277.625 694 
   316.75 679.25 
   355.875 664.125 
   395 644 
   391 602.8 
   399 561.6 
   404 520.4 
   409 479.2 
   416 438 
   424 396.8 
   425 355.6 
   432 314.4 
   435 273.2 
   437 232 
   441 190.8 
   439 149.6 
   431.4 108.4 
   400.2 72 
}
