n_points:  44
{
   375 96 
   339.524 107 
   304.048 130.952 
   270.571 165.429 
   243.095 200.905 
   219.619 236.381 
   202 271.857 
   189 307.333 
   182.19 342.81 
   176 378.286 
   169 413.762 
   167 449.238 
   167 484.714 
   167 520.19 
   166 555.667 
   168 591.143 
   169 626.619 
   167 662.095 
   162 697.571 
   158 733.048 
   157 768.524 
   158 804 
   174.75 773.25 
   195 742.5 
   222.25 711.75 
   253 693 
   283.75 683 
   314.5 679 
   345.25 678 
   376 675 
   367 634.6 
   375 594.2 
   386 553.8 
   399.6 513.4 
   407 473 
   413 432.6 
   422 392.2 
   435.2 351.8 
   453 311.4 
   465 271 
   466 230.6 
   458.2 190.2 
   441 149.8 
   415.4 111.4 
}
