n_points:  44
{
   368 121 
   331 127 
   294 149 
   257 184 
   228 221 
   211 258 
   196 295 
   187 332 
   181 369 
   177 406 
   174 443 
   171 480 
   170 517 
   165 554 
   160 591 
   153 628 
   144 665 
   138 702 
   137 739 
   133 776 
   130 813 
   132 850 
   155 806.875 
   168.25 763.75 
   198.375 721.625 
   241.5 692 
   284.625 682 
   327.75 683 
   370.875 692 
   414 709 
   410 667.267 
   400 625.533 
   406 583.8 
   417 542.067 
   423 500.333 
   428.4 458.6 
   440 416.867 
   448 375.133 
   454 333.4 
   459 291.667 
   461 249.933 
   459 208.2 
   444 166.467 
   409.733 131 
}
