n_points:  44
{
   410 137 
   376 144 
   342 155 
   308 184 
   277 218 
   256 252 
   245 286 
   238 320 
   231 354 
   227 388 
   222 422 
   217 456 
   212 490 
   209 524 
   206 558 
   203 592 
   199 626 
   195 660 
   189 694 
   176 728 
   169 762 
   166 796 
   202.375 764.625 
   237.75 735 
   275.125 716 
   312.5 706 
   349.875 702 
   387.25 701 
   424.625 708 
   462 723 
   479 681.667 
   476 640.333 
   477 599 
   480 557.667 
   487 516.333 
   487 475 
   486 433.667 
   486 392.333 
   488 351 
   492 309.667 
   497 268.333 
   497 227 
   484.667 185.667 
   451.333 151 
}
