n_points:  44
{
   371 84 
   331.857 87 
   292.714 99 
   253.571 128.429 
   221 162.571 
   203 201.714 
   191 240.857 
   184 280 
   180.857 319.143 
   177 358.286 
   171 397.429 
   164 436.571 
   159 475.714 
   149 514.857 
   135 554 
   123 593.143 
   110 632.286 
   99.5714 671.429 
   94 710.571 
   95 749.714 
   102 788.857 
   111 828 
   126 786.125 
   163.75 744.25 
   205.625 709.375 
   247.5 693 
   289.375 687 
   331.25 680 
   373.125 681.125 
   415 686 
   405 643.267 
   401 600.533 
   404 557.8 
   414.933 515.067 
   432 472.333 
   435 429.6 
   447 386.867 
   454 344.133 
   460 301.4 
   466 258.667 
   470 215.933 
   462 173.2 
   446.467 130.467 
   413.733 93.7333 
}
