n_points:  44
{
   349 26 
   302.905 41 
   256.81 62.1905 
   216.714 104.286 
   202.619 150.381 
   190.524 196.476 
   181.429 242.571 
   174 288.667 
   168 334.762 
   164 380.857 
   160.048 426.952 
   157 473.048 
   153 519.143 
   147 565.238 
   138.667 611.333 
   125 657.429 
   113 703.524 
   107 749.619 
   108 795.714 
   110 841.81 
   113 887.905 
   122 934 
   141 900.875 
   162 867.75 
   191.375 839.625 
   224.5 812.5 
   257.625 794 
   290.75 783 
   323.875 773 
   357 759 
   380 706.6 
   383 654.2 
   394.2 601.8 
   411 549.4 
   429 497 
   438 444.6 
   443 392.2 
   447 339.8 
   454 287.4 
   455 235 
   459.4 182.6 
   464 130.2 
   449 77.8 
   401.4 35.4 
}
