n_points:  44
{
   388 54 
   347.524 64 
   307.048 83.9524 
   266.571 112.429 
   226.095 143.905 
   194.619 184.381 
   179 224.857 
   166 265.333 
   157 305.81 
   152 346.286 
   149 386.762 
   146 427.238 
   144 467.714 
   139.81 508.19 
   134 548.667 
   125 589.143 
   117 629.619 
   109 670.095 
   99 710.571 
   96 751.048 
   101.524 791.524 
   109 832 
   134.625 790.375 
   173.25 749 
   214.875 722.125 
   256.5 703 
   298.125 692 
   339.75 691 
   381.375 695 
   423 700 
   408 654.933 
   411 609.867 
   417 564.8 
   434.267 519.733 
   442 474.667 
   444 429.6 
   446 384.533 
   454.533 339.467 
   469.6 294.4 
   479 249.333 
   480 204.267 
   482 159.2 
   471 114.133 
   433.067 71.0667 
}
