n_points:  44
{
   364 156 
   323.905 168 
   283.81 182 
   243.714 209.286 
   205.619 247.381 
   180.524 287.476 
   165 327.571 
   156 367.667 
   152 407.762 
   149 447.857 
   146 487.952 
   144 528.048 
   142 568.143 
   139 608.238 
   134 648.333 
   129 688.429 
   123 728.524 
   117 768.619 
   113 808.714 
   110 848.81 
   112 888.905 
   121 929 
   135 885.5 
   151 842 
   178.5 798.5 
   221 774 
   264.5 768.5 
   308 772 
   351.5 775 
   395 774 
   394 731.067 
   390 688.133 
   389.8 645.2 
   398 602.267 
   404 559.333 
   408 516.4 
   415 473.467 
   422.467 430.533 
   435 387.6 
   444.333 344.667 
   445 301.733 
   443 258.8 
   433 215.867 
   405.933 172.933 
}
