n_points:  44
{
   379 107 
   344.286 114 
   309.571 130.429 
   274.857 154 
   241.143 182.857 
   215.429 217.571 
   195 252.286 
   180 287 
   167.286 321.714 
   158 356.429 
   150 391.143 
   145 425.857 
   138.429 460.571 
   134 495.286 
   131 530 
   126 564.714 
   122.571 599.429 
   113 634.143 
   104 668.857 
   99 703.571 
   103.286 738.286 
   111 773 
   136.5 736.5 
   166 702 
   202.5 675.5 
   239 664 
   275.5 664 
   312 670 
   348.5 666 
   385 658 
   391 619.733 
   394 581.467 
   397 543.2 
   405.067 504.933 
   418 466.667 
   428 428.4 
   434 390.133 
   438 351.867 
   443 313.6 
   449 275.333 
   453 237.067 
   458 198.8 
   449.533 160.533 
   417.267 122.267 
}
