n_points:  44
{
   378 107 
   338.524 114 
   299.048 130.952 
   259.571 158.429 
   222.095 188.905 
   200.619 228.381 
   185.143 267.857 
   170 307.333 
   159 346.81 
   151.714 386.286 
   145.238 425.762 
   139 465.238 
   130.286 504.714 
   120 544.19 
   112 583.667 
   104 623.143 
   96 662.619 
   92 702.095 
   90 741.571 
   89 781.048 
   96 820.524 
   102 860 
   124 817.875 
   144.25 775.75 
   179.375 734.625 
   221.5 711 
   263.625 696 
   305.75 686 
   347.875 684 
   390 675 
   407 634.933 
   412 594.867 
   411 554.8 
   407 514.733 
   410 474.667 
   419 434.6 
   427 394.533 
   436 354.467 
   443 314.4 
   443 274.333 
   446 234.267 
   449 194.2 
   449 154.133 
   418.067 118.067 
 }
