n_points:  44
{
   368 51 
   321.905 64.0952 
   275.81 90.1905 
   229.714 131.286 
   187.619 176.381 
   158.524 222.476 
   133.429 268.571 
   115 314.667 
   101 360.762 
   91 406.857 
   80 452.952 
   76 499.048 
   73 545.143 
   69 591.238 
   63 637.333 
   55 683.429 
   48 729.524 
   46 775.619 
   49 821.714 
   53 867.81 
   59 913.905 
   84 960 
   122 920 
   156 884 
   196 857 
   236 837 
   276 825 
   316 827 
   356 831 
   396 832 
   367 778.067 
   356 724.133 
   362 670.2 
   379 616.267 
   386 562.333 
   386.4 508.4 
   387 454.467 
   401 400.533 
   420 346.6 
   426 292.667 
   429 238.733 
   429 184.8 
   430 130.867 
   416.933 76.9333 
}
