n_points:  44
{
   351 70 
   309.286 70 
   267.571 84.4286 
   225.857 119.143 
   193 158.857 
   169 200.571 
   151 242.286 
   136 284 
   128 325.714 
   120 367.429 
   111 409.143 
   103 450.857 
   97 492.571 
   92 534.286 
   88 576 
   76 617.714 
   66.5714 659.429 
   62 701.143 
   63 742.857 
   71 784.571 
   81 826.286 
   98 868 
   128 827.875 
   163.25 790.75 
   204.375 762 
   245.5 743 
   286.625 729 
   327.75 722 
   368.875 719.125 
   410 720 
   403 675.467 
   392.933 630.933 
   381.4 586.4 
   383 541.867 
   396 497.333 
   413 452.8 
   418 408.267 
   417 363.733 
   425.8 319.2 
   436.333 274.667 
   443 230.133 
   440 185.6 
   427.067 141.067 
   395.533 96.5333 
}
