n_points:  44
{
   365 79 
   322.333 82.6667 
   279.667 105 
   237 131 
   204.333 171.667 
   188 214.333 
   180 257 
   173.333 299.667 
   168 342.333 
   163 385 
   157.333 427.667 
   154 470.333 
   150 513 
   145 555.667 
   141 598.333 
   139 641 
   136 683.667 
   134 726.333 
   134 769 
   141 811.667 
   150 854.333 
   157 897 
   164.375 864.625 
   177.75 832.25 
   204.125 799.875 
   234.5 769.5 
   266.875 746.125 
   299.25 732.75 
   331.625 725 
   364 709 
   372 664.8 
   365.6 620.6 
   374 576.4 
   396 532.2 
   404 488 
   407 443.8 
   411 399.6 
   412 355.4 
   426 311.2 
   427 267 
   426 222.8 
   425 178.6 
   423 134.4 
   407.2 90.2 
}
