n_points:  44
{
   423 36 
   389.81 42 
   356.619 58.381 
   323.429 86 
   300.238 118.762 
   276.048 151.952 
   255 185.143 
   240 218.333 
   229.476 251.524 
   219 284.714 
   209 317.905 
   201 351.095 
   194.714 384.286 
   189 417.476 
   187 450.667 
   184 483.857 
   180 517.048 
   176 550.238 
   174 583.429 
   168 616.619 
   168 649.81 
   176 683 
   202 649 
   231 618 
   265 597 
   299 581 
   333 571 
   367 567 
   401 565 
   435 569 
   429 531.867 
   420 494.733 
   418 457.6 
   432 420.467 
   452 383.333 
   459.8 346.2 
   467 309.067 
   486.067 271.933 
   491 234.8 
   493 197.667 
   494 160.533 
   493 123.4 
   485 86.2667 
   460.133 51.1333 
}
