n_points:  44
{
   363 18 
   317 26 
   271 46 
   225 76 
   181 122 
   153 168 
   130 214 
   116 260 
   108 306 
   107 352 
   103 398 
   104 444 
   104 490 
   105 536 
   106 582 
   100 628 
   94 674 
   87 720 
   83 766 
   80 812 
   78 858 
   90 904 
   116 861.25 
   149.5 819.5 
   192.25 790 
   235 765 
   277.75 748 
   320.5 744 
   363.25 759 
   406 773 
   408 719.4 
   405 665.8 
   410 612.2 
   426.4 558.6 
   434 505 
   433 451.4 
   438.2 397.8 
   457 344.2 
   461 290.6 
   461 237 
   459 183.4 
   460 129.8 
   458 76.2 
   416.6 35 
}
