n_points:  44
{
   366 44 
   330.619 49 
   295.238 67.7619 
   259.857 92 
   224.476 114 
   198 148.905 
   183 184.286 
   169 219.667 
   162.952 255.048 
   154 290.429 
   148 325.81 
   144 361.19 
   142 396.571 
   143 431.952 
   141 467.333 
   136.286 502.714 
   130 538.095 
   125 573.476 
   122 608.857 
   119 644.238 
   116 679.619 
   112 715 
   141.125 680.875 
   175.25 656.75 
   209.375 645 
   243.5 635.5 
   277.625 635.625 
   311.75 638 
   345.875 643 
   380 648 
   378 605.8 
   378 563.6 
   380 521.4 
   387 479.2 
   393 437 
   399 394.8 
   401 352.6 
   409 310.4 
   421.8 268.2 
   430 226 
   435 183.8 
   436 141.6 
   427.4 99.4 
   406 57.2 
}
