n_points:  44
{
   364 61 
   326.524 70.4762 
   289.048 85.9524 
   251.571 113 
   219.095 149.905 
   190.619 187.381 
   176 224.857 
   163.667 262.333 
   155.19 299.81 
   149 337.286 
   147 374.762 
   146 412.238 
   147 449.714 
   146 487.19 
   143 524.667 
   137 562.143 
   133 599.619 
   127 637.095 
   120 674.571 
   117 712.048 
   115 749.524 
   118 787 
   137.75 751.25 
   161.5 715.5 
   195.25 683.75 
   231 665 
   266.75 658 
   302.5 657 
   338.25 657 
   374 650 
   380 608.267 
   380.467 566.533 
   385 524.8 
   394.933 483.067 
   399 441.333 
   401 399.6 
   411.133 357.867 
   437.867 316.133 
   451 274.4 
   452 232.667 
   451 190.933 
   447 149.2 
   437.467 107.467 
   405.733 68 
}
