n_points:  44
{
   386 82 
   347.857 91 
   309.714 108 
   271.571 135.429 
   241.429 171.571 
   218.286 209.714 
   203 247.857 
   193 286 
   186 324.143 
   184 362.286 
   180 400.429 
   175 438.571 
   175 476.714 
   172 514.857 
   168 553 
   166 591.143 
   164 629.286 
   161 667.429 
   155.429 705.571 
   151 743.714 
   150 781.857 
   155 820 
   181.625 786.375 
   215.25 753.75 
   248.875 727.125 
   282.5 713.5 
   316.125 708 
   349.75 710.75 
   383.375 722 
   417 735 
   423 688.2 
   423 641.4 
   433 594.6 
   448 547.8 
   463 501 
   470 454.2 
   466 407.4 
   471 360.6 
   470 313.8 
   472 267 
   469 220.2 
   469 173.4 
   466.6 126.6 
   432.8 89.8 
}
