n_points:  44
{
   359 62 
   313.286 69 
   267.571 96 
   221.857 133.143 
   189.143 178.857 
   170 224.571 
   156 270.286 
   147 316 
   143 361.714 
   137 407.429 
   134 453.143 
   132 498.857 
   130 544.571 
   123 590.286 
   114 636 
   101 681.714 
   89 727.429 
   82 773.143 
   82 818.857 
   84 864.571 
   91 910.286 
   101 956 
   124.875 908.125 
   155.75 860.25 
   203.625 819.375 
   251.5 791 
   299.375 776.625 
   347.25 772 
   395.125 770 
   443 770 
   424.4 720.4 
   408 670.8 
   406 621.2 
   418 571.6 
   425 522 
   437 472.4 
   438 422.8 
   442 373.2 
   454 323.6 
   459 274 
   459 224.4 
   453 174.8 
   443 125.2 
   408.6 77.6 
}
