n_points:  44
{
   403 113 
   362.524 119.476 
   322.048 139.952 
   281.571 166.429 
   254.095 203.905 
   234 244.381 
   217 284.857 
   207 325.333 
   199.19 365.81 
   192 406.286 
   186.238 446.762 
   183 487.238 
   180 527.714 
   176 568.19 
   171 608.667 
   166 649.143 
   163 689.619 
   162 730.095 
   163 770.571 
   165.048 811.048 
   172.524 851.524 
   183 892 
   197.875 854.125 
   215.75 816.25 
   242.625 778.375 
   278.5 749.5 
   316.375 719 
   354.25 702 
   392.125 696 
   430 700 
   416 658.267 
   423.467 616.533 
   445 574.8 
   459 533.067 
   463 491.333 
   466 449.6 
   471 407.867 
   479.867 366.133 
   490 324.4 
   494 282.667 
   495 240.933 
   492 199.2 
   481 157.467 
   444.733 121.733 
}
