n_points:  44
{
   388 67 
   351.905 76.0952 
   315.81 97.1905 
   282.714 131.286 
   247.619 164.381 
   222.524 200.476 
   203.429 236.571 
   191 272.667 
   183.238 308.762 
   179 344.857 
   176 380.952 
   172 417.048 
   170 453.143 
   168 489.238 
   163 525.333 
   156 561.429 
   149 597.524 
   142 633.619 
   131 669.714 
   123 705.81 
   119 741.905 
   125 778 
   152.75 741.25 
   186.5 710 
   223.25 688.75 
   260 675 
   296.75 669 
   333.5 667 
   370.25 668 
   407 669 
   404 625.6 
   405 582.2 
   418 538.8 
   431 495.4 
   439 452 
   444 408.6 
   449.8 365.2 
   455 321.8 
   459 278.4 
   465 235 
   466 191.6 
   466 148.2 
   459.8 104.8 
   431.4 73.4 
}
