n_points:  44
{
   408 56 
   375.381 61.619 
   342.762 74 
   310.143 92 
   284 122.476 
   266.905 155.095 
   254.286 187.714 
   244 220.333 
   238 252.952 
   238 285.571 
   238 318.19 
   240 350.81 
   239 383.429 
   236 416.048 
   234 448.667 
   232 481.286 
   228 513.905 
   221.476 546.524 
   216 579.143 
   213 611.762 
   214 644.381 
   216 677 
   242 648 
   270 624 
   299 605 
   328 592 
   357 589 
   386 597 
   415 597 
   444 588 
   441 551.467 
   438.933 514.933 
   440 478.4 
   450 441.867 
   461 405.333 
   468 368.8 
   475.733 332.267 
   482 295.733 
   485 259.2 
   486 222.667 
   484 186.133 
   479.6 149.6 
   468 113.067 
   444.533 76.5333 
}
