n_points:  44
{
   363 99 
   319.762 106.238 
   276.524 124.476 
   233.286 161.714 
   194.048 203.952 
   172.81 247.19 
   157 290.429 
   145 333.667 
   141 376.905 
   136 420.143 
   130 463.381 
   123.381 506.619 
   116 549.857 
   110 593.095 
   106 636.333 
   102 679.571 
   99 722.81 
   97 766.048 
   95 809.286 
   104.524 852.524 
   120 895.762 
   137 939 
   155 895.75 
   181.5 852.5 
   224.75 826 
   268 824 
   311.25 825 
   354.5 839 
   397.75 852 
   441 834 
   428.8 781.8 
   412 729.6 
   412 677.4 
   419.8 625.2 
   433 573 
   428 520.8 
   432 468.6 
   432 416.4 
   438 364.2 
   441 312 
   440 259.8 
   458 207.6 
   457.4 155.4 
   415.2 111.2 
}
