n_points:  44
{
   349 113 
   312.143 117.857 
   275.286 133.714 
   238.429 162.571 
   201.571 199.429 
   176.714 236.286 
   164.857 273.143 
   156 310 
   150 346.857 
   146 383.714 
   144 420.571 
   142 457.429 
   140.714 494.286 
   139 531.143 
   138 568 
   137 604.857 
   135 641.714 
   129.429 678.571 
   121.571 715.429 
   115 752.286 
   109 789.143 
   113 826 
   146.25 787.75 
   185.5 754.5 
   224.75 730.25 
   264 720 
   303.25 713.75 
   342.5 708 
   381.75 705 
   421 703 
   415 661.867 
   410 620.733 
   418.4 579.6 
   431 538.467 
   435 497.333 
   435 456.2 
   439 415.067 
   441 373.933 
   441 332.8 
   440 291.667 
   435 250.533 
   429 209.4 
   418 168.267 
   390.133 129.133 
}
