n_points:  44
{
   410 100 
   381.952 105 
   353.905 115 
   325.857 134.143 
   298.81 161.19 
   273.762 189.238 
   247 217.286 
   227.667 245.333 
   216.619 273.381 
   205 301.429 
   193.524 329.476 
   185 357.524 
   180 385.571 
   177 413.619 
   174 441.667 
   171 469.714 
   168 497.762 
   168 525.81 
   168 553.857 
   172 581.905 
   175 609.952 
   180 638 
   203.125 611.875 
   229.25 587.75 
   255.375 571 
   281.5 569 
   307.625 569 
   333.75 573 
   359.875 579 
   386 590 
   393 555.533 
   390 521.067 
   387 486.6 
   393 452.133 
   400 417.667 
   413 383.2 
   435.267 348.733 
   454.733 314.267 
   464.2 279.8 
   467 245.333 
   468 210.867 
   467 176.4 
   464 141.933 
   444.467 110 
}
