n_points:  44
{
   382 103 
   342.048 111 
   302.095 127.905 
   262.143 162.857 
   224.19 200.81 
   192 239.762 
   174 279.714 
   159 319.667 
   145 359.619 
   134 399.571 
   130.476 439.524 
   125 479.476 
   120 519.429 
   114.619 559.381 
   107 599.333 
   98 639.286 
   91 679.238 
   85 719.19 
   80 759.143 
   77 799.095 
   80 839.048 
   87 879 
   103.375 841.625 
   122 804.25 
   150.125 767.875 
   187.5 735.5 
   224.875 710.125 
   262.25 699 
   299.625 694 
   337 689 
   369.667 648.333 
   391.333 607.667 
   401 567 
   409 526.333 
   414 485.667 
   417 445 
   425 404.333 
   434 363.667 
   439 323 
   443.667 282.333 
   450.333 241.667 
   454 201 
   446.333 160.333 
   421.667 119.667 
}
