n_points:  44
{
   386 92 
   345.238 101 
   304.476 119.524 
   263.714 146 
   222.952 179.048 
   187.19 219.81 
   166 260.571 
   152.667 301.333 
   141 342.095 
   132 382.857 
   125 423.619 
   121 464.381 
   116 505.143 
   110 545.905 
   104 586.667 
   95.5714 627.429 
   85 668.19 
   75 708.952 
   67 749.714 
   62 790.476 
   63 831.238 
   70 872 
   98 823 
   141 775 
   190 745 
   239 731 
   288 707 
   337 701 
   386 704 
   435 721 
   434 676.867 
   441 632.733 
   445 588.6 
   448 544.467 
   450 500.333 
   452 456.2 
   460 412.067 
   469 367.933 
   471 323.8 
   473 279.667 
   482 235.533 
   482 191.4 
   468.267 147.267 
   430.133 109.133 
}
