n_points:  44
{
   387 82 
   344.429 92.5714 
   301.857 130.143 
   259.286 170.714 
   227 212.286 
   207 254.857 
   196 297.429 
   190 340 
   179 382.571 
   171 425.143 
   163 467.714 
   155 510.286 
   150.143 552.857 
   141 595.429 
   132 638 
   126 680.571 
   117 723.143 
   107 765.714 
   106 808.286 
   107 850.857 
   113 893.429 
   118 936 
   143 890.75 
   175.5 845.5 
   217.75 811 
   263 787 
   308.25 770 
   353.5 766 
   398.75 765 
   444 762 
   433 714.267 
   419 666.533 
   419 618.8 
   430.933 571.067 
   445 523.333 
   449 475.6 
   459 427.867 
   473.867 380.133 
   488 332.4 
   490 284.667 
   479.933 236.933 
   461.2 189.2 
   456 141.467 
   434.733 95.7333 
}
