n_points:  44
{
   405 83 
   358.857 92.1429 
   312.714 115 
   267 157.429 
   227 203.571 
   206 249.714 
   191 295.857 
   177 342 
   164 388.143 
   150.714 434.286 
   140 480.429 
   126 526.571 
   111 572.714 
   98.1429 618.857 
   85 665 
   73.8571 711.143 
   68 757.286 
   65 803.429 
   68 849.571 
   76.7143 895.714 
   92 941.857 
   104 988 
   133 949 
   168 910 
   207 877 
   246 859 
   285 840 
   324 830 
   363 825 
   402 817 
   392 765.667 
   391 714.333 
   405 663 
   413 611.667 
   421 560.333 
   427 509 
   441 457.667 
   449 406.333 
   457 355 
   464 303.667 
   466 252.333 
   469 201 
   473 149.667 
   456 98.3334 
}
