n_points:  44
{
   402 124 
   359.619 125 
   317.238 135.762 
   274.857 163.143 
   239 203.524 
   216.095 245.905 
   197 288.286 
   183 330.667 
   169 373.048 
   156 415.429 
   144 457.81 
   130 500.19 
   123 542.571 
   116 584.952 
   102.667 627.333 
   85 669.714 
   67.9048 712.095 
   56 754.476 
   50 796.857 
   48 839.238 
   47 881.619 
   45 924 
   87.5 885.5 
   130 852 
   172.5 825 
   215 811 
   257.5 807.5 
   300 811 
   342.5 817 
   385 820 
   396 772.533 
   398 725.067 
   402 677.6 
   405 630.133 
   412 582.667 
   423 535.2 
   439 487.733 
   448 440.267 
   462 392.8 
   469 345.333 
   472 297.867 
   471 250.4 
   463 202.933 
   444 155.467 
}
