n_points:  44
{
   345 62 
   304.143 64.8571 
   263.286 79.7143 
   222.429 107.571 
   184.571 146.429 
   164.714 187.286 
   153 228.143 
   141 269 
   135 309.857 
   131 350.714 
   125 391.571 
   118.571 432.429 
   110 473.286 
   102 514.143 
   96 555 
   87 595.857 
   79 636.714 
   73.4286 677.571 
   64 718.429 
   60 759.286 
   64 800.143 
   76 841 
   117.75 806.25 
   159.5 776 
   201.25 753 
   243 732 
   284.75 711 
   326.5 695 
   368.25 690 
   410 689 
   410 644.067 
   410 599.133 
   410 554.2 
   420 509.267 
   426.667 464.333 
   431 419.4 
   436 374.467 
   441 329.533 
   443 284.6 
   446 239.667 
   449 194.733 
   445.8 149.8 
   430.867 104.867 
   389.933 70 
}
