n_points:  44
{
   404 97 
   355.238 105 
   306.476 127.524 
   257.714 156.286 
   208.952 200 
   170.19 243.81 
   149 292.571 
   141 341.333 
   137 390.095 
   132 438.857 
   128 487.619 
   122 536.381 
   110 585.143 
   98 633.905 
   86 682.667 
   76 731.429 
   70 780.19 
   62.0476 828.952 
   56 877.714 
   51.5238 926.476 
   55 975.238 
   80 1024 
   112.75 984.25 
   139 944.5 
   176.25 906.75 
   216 880 
   255.75 860 
   295.5 848 
   335.25 848.25 
   375 854 
   406 804.2 
   390 751.4 
   385 698.6 
   406 645.8 
   434 593 
   442 540.2 
   445 487.4 
   458 434.6 
   464 381.8 
   475 329 
   482 276.2 
   481 223.4 
   476 170.6 
   456.8 118.8 
}
