n_points:  44
{
   391 41 
   344.619 48 
   298.238 70.7619 
   252.857 103.143 
   211.476 149.524 
   173 195.905 
   147 242.286 
   130 288.667 
   119 335.048 
   116 381.429 
   113 427.81 
   111 474.19 
   104 520.571 
   95 566.952 
   86 613.333 
   80 659.714 
   66 706.095 
   62 752.476 
   56 798.857 
   52 845.238 
   51 891.619 
   58 938 
   82 888.375 
   114.25 838.75 
   162.875 801.125 
   212.5 770.5 
   262.125 757 
   311.75 752 
   361.375 749 
   411 741 
   398 691.733 
   402.533 642.467 
   422 593.2 
   426 543.933 
   428 494.667 
   435 445.4 
   446 396.133 
   454.133 346.867 
   465 297.6 
   470 248.333 
   475 199.067 
   476 149.8 
   471 100.533 
   440.267 55.2666 
}
