n_points:  44
{
   337 81 
   290.952 93.0476 
   244.905 116 
   198.857 150.143 
   153.81 189.19 
   135 235.238 
   119.714 281.286 
   113 327.333 
   108.619 373.381 
   103 419.429 
   97 465.476 
   90 511.524 
   86 557.571 
   81.381 603.619 
   73 649.667 
   63 695.714 
   53.2381 741.762 
   44 787.81 
   36 833.857 
   36 879.905 
   42.9524 925.952 
   56 972 
   70.125 921.875 
   108.25 873.75 
   158.375 832.625 
   208.5 812.5 
   258.625 800 
   308.75 796 
   358.875 785.125 
   409 766 
   411 717.4 
   411 668.8 
   419 620.2 
   421 571.6 
   423 523 
   430 474.4 
   434 425.8 
   435 377.2 
   440 328.6 
   449 280 
   453 231.4 
   446 182.8 
   433.2 134.2 
   385.6 94.6001 
}
