n_points:  44
{
   395 78 
   350.667 88 
   306.333 105 
   262 142 
   225.667 185.333 
   199.333 229.667 
   179 274 
   166 318.333 
   153 362.667 
   142 407 
   134 451.333 
   127 495.667 
   120 540 
   111 584.333 
   103 628.667 
   96 673 
   93 717.333 
   82.3333 761.667 
   78 806 
   78 850.333 
   84 894.667 
   96 939 
   117.125 898.875 
   153.25 860.75 
   193.375 830.625 
   233.5 802.5 
   273.625 785 
   313.75 774 
   353.875 756.125 
   394 750 
   379 703.2 
   380 656.4 
   382 609.6 
   396 562.8 
   414 516 
   429.8 469.2 
   451 422.4 
   462 375.6 
   467 328.8 
   469 282 
   472 235.2 
   477 188.4 
   477 141.6 
   441.8 98.8 
}
