n_points:  44
{
   331 73 
   293.238 80.7619 
   255.476 106.524 
   217.714 137.286 
   186.952 174.048 
   165.19 211.81 
   153 249.571 
   147 287.333 
   144 325.095 
   141 362.857 
   135 400.619 
   132 438.381 
   131 476.143 
   129 513.905 
   124 551.667 
   117 589.429 
   109 627.19 
   101 664.952 
   99 702.714 
   101 740.476 
   104 778.238 
   110 816 
   132 780.625 
   154.75 745.25 
   189.125 714.875 
   224.5 688.5 
   259.875 668 
   295.25 659 
   330.625 652 
   366 650 
   353.067 609.067 
   347 568.133 
   355 527.2 
   370 486.267 
   380 445.333 
   382 404.4 
   386 363.467 
   396 322.533 
   403 281.6 
   406 240.667 
   406 199.733 
   405 158.8 
   399 117.867 
   371.933 82.9333 
}
