n_points:  44
{
   428 60 
   393.429 64.5714 
   358.857 72.1429 
   324.286 94.7143 
   291.714 123.286 
   264 157.857 
   241 192.429 
   225 227 
   214 261.571 
   207 296.143 
   201 330.714 
   193 365.286 
   191 399.857 
   188 434.429 
   184 469 
   179 503.571 
   172 538.143 
   164 572.714 
   160 607.286 
   156 641.857 
   154 676.429 
   153 711 
   188.375 682 
   223.75 658.25 
   259.125 642 
   294.5 635 
   329.875 629 
   365.25 635 
   400.625 646 
   436 659 
   419 617.067 
   414 575.133 
   425 533.2 
   443.733 491.267 
   450 449.333 
   454 407.4 
   461 365.467 
   476 323.533 
   476 281.6 
   479 239.667 
   482.267 197.733 
   494 155.8 
   494 113.867 
   469.933 72.9333 
}
