n_points:  44
{
   409 110 
   369.476 113.524 
   329.952 125.048 
   290.429 154.571 
   251.905 187.095 
   229.381 226.619 
   213 266.143 
   199.333 305.667 
   189 345.19 
   180 384.714 
   169 424.238 
   162.238 463.762 
   156 503.286 
   147 542.81 
   137.667 582.333 
   124 621.857 
   112 661.381 
   99 700.905 
   91 740.429 
   84 779.952 
   83 819.476 
   87 859 
   108 825.625 
   132.75 793 
   166.125 765.875 
   199.5 744 
   232.875 724 
   266.25 708 
   299.625 699 
   333 692 
   368.733 655.267 
   384 613.533 
   404 571.8 
   412 530.067 
   418 488.333 
   434 446.6 
   446.133 404.867 
   461 363.133 
   476 321.4 
   485 279.667 
   489 237.933 
   491 196.2 
   482 154.467 
   450.733 119.733 
}
