n_points:  44
{
   405 82 
   362.381 96.619 
   319.762 120.238 
   277.143 150.857 
   245.524 189.476 
   213 232.095 
   185 274.714 
   166.667 317.333 
   158 359.952 
   150 402.571 
   147.81 445.19 
   144 487.81 
   151 530.429 
   149 573.048 
   145 615.667 
   140 658.286 
   137 700.905 
   133 743.524 
   129 786.143 
   127 828.762 
   126 871.381 
   127 914 
   138.75 873.25 
   156 832.5 
   190.25 791.75 
   230 757 
   270.75 726 
   311.5 709 
   352.25 704 
   393 707 
   372 663.467 
   358 619.933 
   359 576.4 
   380.133 532.867 
   399 489.333 
   405 445.8 
   410 402.267 
   430 358.733 
   437 315.2 
   447 271.667 
   454 228.133 
   459 184.6 
   462 141.067 
   446.533 97.5333 
}
