n_points:  44
{
   384 65 
   337.857 67 
   291.714 95.2857 
   259.571 141.429 
   231.429 187.571 
   205 233.714 
   181.143 279.857 
   164 326 
   154 372.143 
   145 418.286 
   141 464.429 
   144 510.571 
   142 556.714 
   139 602.857 
   136 649 
   132 695.143 
   129 741.286 
   127 787.429 
   126 833.571 
   124 879.714 
   125 925.857 
   144 972 
   166 930 
   185 888 
   220 851 
   262 824 
   304 810 
   346 803 
   388 799 
   430 796 
   420.2 745.2 
   408 694.4 
   395 643.6 
   402.2 592.8 
   429 542 
   440 491.2 
   450 440.4 
   458 389.6 
   461 338.8 
   466 288 
   470 237.2 
   471 186.4 
   462 135.6 
   434.8 85.8 
}
