n_points:  44
{
   348 88 
   305.714 96 
   263.429 111 
   222.143 135.857 
   192.857 178.143 
   161 220.429 
   137.286 262.714 
   124 305 
   114 347.286 
   109 389.571 
   103 431.857 
   99 474.143 
   92.5714 516.429 
   84.2857 558.714 
   78 601 
   68 643.286 
   60 685.571 
   51.1429 727.857 
   43 770.143 
   35 812.429 
   34 854.714 
   35 897 
   65 852 
   102 807 
   144 765 
   189 741 
   234 729 
   279 727 
   324 730 
   369 718 
   365 674.733 
   364 631.467 
   369 588.2 
   382.067 544.933 
   387 501.667 
   394 458.4 
   403 415.133 
   412 371.867 
   419 328.6 
   426 285.333 
   431 242.067 
   427 198.8 
   417 155.533 
   390.267 112.267 
}
