n_points:  44
{
   387 122 
   348.048 127 
   309.095 141 
   270.143 161 
   231.19 190.81 
   202 227.762 
   185 266.714 
   173.333 305.667 
   166 344.619 
   160 383.571 
   152 422.524 
   146 461.476 
   142 500.429 
   139 539.381 
   131.667 578.333 
   125 617.286 
   117.762 656.238 
   107 695.19 
   107 734.143 
   106 773.095 
   106 812.048 
   105 851 
   130 813.25 
   153 775.5 
   188.25 743 
   226 720 
   263.75 708.25 
   301.5 705 
   339.25 705 
   377 706 
   370 665.6 
   371 625.2 
   383 584.8 
   397 544.4 
   413 504 
   423 463.6 
   429.8 423.2 
   432.2 382.8 
   435.6 342.4 
   442 302 
   448 261.6 
   451 221.2 
   450 180.8 
   427 140.4 
}
