n_points:  44
{
   403 101 
   362.571 103 
   322.143 121 
   281.714 144.286 
   241.286 182.714 
   204.857 222.143 
   182 262.571 
   169 303 
   162.571 343.429 
   156 383.857 
   154 424.286 
   153 464.714 
   150 505.143 
   146 545.571 
   138 586 
   124 626.429 
   113 666.857 
   99.7143 707.286 
   88 747.714 
   81 788.143 
   77 828.571 
   80 869 
   110.25 827.75 
   149.5 790.5 
   190.75 764 
   232 749 
   273.25 740 
   314.5 736 
   355.75 735 
   397 734 
   396 689.6 
   391 645.2 
   400.2 600.8 
   411 556.4 
   420 512 
   431 467.6 
   445 423.2 
   460.2 378.8 
   475 334.4 
   484 290 
   489.4 245.6 
   491 201.2 
   479.8 156.8 
   447.4 120.4 
}
