n_points:  44
{
   344 113 
   309.476 117 
   274.952 129.048 
   240.429 152.571 
   205.905 184.095 
   182.381 217.619 
   167 252.143 
   156.333 286.667 
   149 321.19 
   144 355.714 
   137 390.238 
   133 424.762 
   129 459.286 
   124 493.81 
   118 528.333 
   112 562.857 
   105 597.381 
   101 631.905 
   99 666.429 
   96 700.952 
   90 735.476 
   95 770 
   123.125 754 
   151.25 739 
   179.375 728 
   207.5 721 
   235.625 717 
   263.75 716 
   291.875 717 
   320 722 
   323 678.8 
   333 635.6 
   358 592.4 
   386.8 549.2 
   402 506 
   408 462.8 
   419 419.6 
   427.6 376.4 
   426 333.2 
   424 290 
   426.2 246.8 
   428 203.6 
   422 160.4 
   387.2 124 
}
