n_points:  44
{
   374 68 
   334.952 76 
   295.905 99.0952 
   256.857 131.143 
   226 169.19 
   205 208.238 
   199 247.286 
   192 286.333 
   189 325.381 
   188 364.429 
   190.476 403.476 
   195 442.524 
   202 481.571 
   205 520.619 
   206 559.667 
   202 598.714 
   198 637.762 
   198 676.81 
   202 715.857 
   204 754.905 
   209 793.952 
   217 833 
   236.375 799.625 
   258.75 767.25 
   292.125 744 
   325.5 734 
   358.875 727 
   392.25 717.75 
   425.625 707 
   459 705 
   460 659.933 
   452 614.867 
   446 569.8 
   451.267 524.733 
   456.333 479.667 
   462 434.6 
   460 389.533 
   453.467 344.467 
   456 299.4 
   461 254.333 
   460 209.267 
   455 164.2 
   447 119.133 
   419.067 77 
}
