n_points:  44
{
   366 68 
   328 80 
   290 101 
   252 135 
   217 173 
   195 211 
   182 249 
   172 287 
   166 325 
   162 363 
   158 401 
   158 439 
   156 477 
   152 515 
   151 553 
   150 591 
   146 629 
   143 667 
   142 705 
   143 743 
   144 781 
   155 819 
   176 782.5 
   207 750 
   243.5 732 
   280 720 
   316.5 710.5 
   353 701 
   389.5 700 
   426 700 
   408 655 
   395 610 
   391 565 
   401 520 
   423 475 
   431 430 
   436 385 
   443 340 
   451 295 
   457 250 
   464 205 
   467 160 
   452 115 
   411 79 
}
