n_points:  44
{
   372 128 
   330.333 135 
   288.667 150 
   247 177 
   205.333 208.667 
   176 250.333 
   162 292 
   149 333.667 
   145 375.333 
   144 417 
   146 458.667 
   144 500.333 
   139 542 
   132.333 583.667 
   126 625.333 
   123 667 
   111 708.667 
   98 750.333 
   87 792 
   77.3333 833.667 
   76 875.333 
   80 917 
   99 871.25 
   110 825.5 
   134.25 779.75 
   175 749 
   220.75 735 
   266.5 732 
   312.25 749 
   358 758 
   357 713.133 
   352 668.267 
   362.6 623.4 
   382.467 578.533 
   393 533.667 
   393 488.8 
   398 443.933 
   415 399.067 
   442 354.2 
   446 309.333 
   449.533 264.467 
   450 219.6 
   443.733 174.733 
   416.867 136 
}
