n_points:  44
{
   360 88 
   318.048 95 
   276.095 113.905 
   234.143 141.857 
   194.19 179.81 
   175 221.762 
   163 263.714 
   152.333 305.667 
   148 347.619 
   145 389.571 
   143 431.524 
   141.524 473.476 
   136 515.429 
   132 557.381 
   127 599.333 
   117 641.286 
   107 683.238 
   97 725.19 
   94 767.143 
   99 809.095 
   103.048 851.048 
   107 893 
   120 847.625 
   138.75 802.25 
   169.125 756.875 
   208.5 711.5 
   253.875 682 
   299.25 683.25 
   344.625 694 
   390 695 
   397 650.067 
   400.867 605.133 
   406 560.2 
   421.733 515.267 
   429.667 470.333 
   437 425.4 
   443 380.467 
   449 335.533 
   452 290.6 
   456 245.667 
   458 200.733 
   459 155.8 
   447.867 110.867 
   404.933 88 
}
