n_points:  44
{
   434 72 
   395.619 78 
   357.238 97.7619 
   318.857 121.143 
   284.476 151.524 
   259 189.905 
   242.714 228.286 
   232 266.667 
   225 305.048 
   219.571 343.429 
   214 381.81 
   208 420.19 
   202 458.571 
   200 496.952 
   198 535.333 
   193 573.714 
   187 612.095 
   183 650.476 
   177 688.857 
   176 727.238 
   179 765.619 
   183 804 
   205 766.5 
   226 729 
   250.5 691.5 
   283 658 
   320.5 629 
   358 618 
   395.5 619 
   433 625 
   435 587 
   434 549 
   437 511 
   443 473 
   453 435 
   466 397 
   474 359 
   485 321 
   492 283 
   497 245 
   500 207 
   498 169 
   490 131 
   471 93 
}
