n_points:  44
{
   416 95 
   376.095 97.9048 
   336.19 117 
   296.286 143 
   257.381 175.619 
   225 215.524 
   202 255.429 
   189 295.333 
   181 335.238 
   173.857 375.143 
   168 415.048 
   167 454.952 
   162 494.857 
   159.238 534.762 
   158 574.667 
   158 614.571 
   156 654.476 
   150.619 694.381 
   137.714 734.286 
   131 774.19 
   129 814.095 
   131 854 
   159.25 818.75 
   191.5 783.5 
   226.75 759.25 
   262 745 
   297.25 740 
   332.5 742 
   367.75 747 
   403 736 
   411 691.067 
   413.867 646.133 
   426.8 601.2 
   436 556.267 
   439 511.333 
   430 466.4 
   434 421.467 
   440 376.533 
   454 331.6 
   468 286.667 
   476 241.733 
   482 196.8 
   481 151.867 
   460.933 108.933 
}
