n_points:  44
{
   376 29 
   330.619 36 
   285.238 61.7619 
   240.857 102.143 
   198.476 147.524 
   175 192.905 
   161 238.286 
   148 283.667 
   140 329.048 
   134 374.429 
   130 419.81 
   129 465.19 
   129 510.571 
   130 555.952 
   128 601.333 
   126 646.714 
   124 692.095 
   122 737.476 
   122 782.857 
   125.238 828.238 
   131 873.619 
   137 919 
   151 877.875 
   171.25 836.75 
   206.375 797.625 
   247.5 770 
   288.625 753 
   329.75 740 
   370.875 737 
   412 733 
   399 683.8 
   392 634.6 
   390 585.4 
   399 536.2 
   423 487 
   436 437.8 
   444 388.6 
   455 339.4 
   459 290.2 
   461 241 
   465 191.8 
   465 142.6 
   455 93.4 
   425.2 46.2 
}
