n_points:  44
{
   394 81 
   350.952 92 
   307.905 111.095 
   264.857 144.143 
   230 186.19 
   204.762 229.238 
   189 272.286 
   181 315.333 
   175 358.381 
   172 401.429 
   165 444.476 
   159 487.524 
   155 530.571 
   151.381 573.619 
   148 616.667 
   145 659.714 
   139 702.762 
   130.19 745.81 
   125 788.857 
   135 831.905 
   147 874.952 
   160 918 
   168 882.75 
   187.5 847.5 
   220.75 822 
   256 803 
   291.25 784 
   326.5 774 
   361.75 774 
   397 778 
   406 729.667 
   407 681.333 
   412 633 
   421.333 584.667 
   423 536.333 
   421 488 
   432 439.667 
   448.667 391.333 
   464 343 
   466 294.667 
   471 246.333 
   478 198 
   474.667 149.667 
   442.333 102 
}
