n_points:  44
{
   396 87 
   360.19 90 
   324.381 105 
   289.571 137.429 
   254.762 172.238 
   221 206.048 
   201.143 241.857 
   188.333 277.667 
   177.524 313.476 
   171 349.286 
   168 385.095 
   165 420.905 
   165 456.714 
   166 492.524 
   164 528.333 
   157 564.143 
   150 599.952 
   147 635.762 
   145 671.571 
   142 707.381 
   138 743.19 
   143 779 
   174.75 745.25 
   208.5 717.5 
   242.25 696.75 
   276 684 
   309.75 685.75 
   343.5 695 
   377.25 708.75 
   411 690 
   411 648.267 
   413 606.533 
   419.2 564.8 
   430 523.067 
   423 481.333 
   425 439.6 
   436 397.867 
   450 356.133 
   474.6 314.4 
   480 272.667 
   478 230.933 
   474 189.2 
   465 147.467 
   437.733 106 
}
