n_points:  44
{
   378 147 
   337.333 154 
   296.667 170 
   257 200 
   226 240.667 
   194.667 281.333 
   182 322 
   172 362.667 
   163.667 403.333 
   157 444 
   157 484.667 
   158 525.333 
   158 566 
   157 606.667 
   157 647.333 
   156 688 
   153 728.667 
   150 769.333 
   147 810 
   147 850.667 
   149 891.333 
   158 932 
   177 895 
   201 858 
   235 828 
   272 818 
   309 812 
   346 811 
   383 813 
   420 818 
   413 770.8 
   381.6 723.6 
   366 676.4 
   370 629.2 
   393 582 
   420.2 534.8 
   448.4 487.6 
   462 440.4 
   464 393.2 
   472 346 
   477 298.8 
   477 251.6 
   461 204.4 
   425.2 160 
}
