n_points:  44
{
   428 95 
   388.286 100 
   348.571 115.429 
   310.857 150.143 
   274.143 189.857 
   247.429 229.571 
   233 269.286 
   222 309 
   213 348.714 
   207 388.429 
   208 428.143 
   210 467.857 
   206 507.571 
   205 547.286 
   199 587 
   194 626.714 
   189 666.429 
   185 706.143 
   184.857 745.857 
   187 785.571 
   185 825.286 
   194 865 
   209 830 
   232 796 
   267 771 
   302 750 
   337 736 
   372 728 
   407 723 
   442 714 
   430 671 
   428 628 
   436 585 
   449 542 
   459 499 
   464 456 
   462 413 
   466 370 
   480 327 
   490 284 
   499 241 
   505 198 
   502 155 
   471 115 
}
