n_points:  44
{
   392 70 
   350.429 77 
   308.857 96.1429 
   267.286 131.714 
   231.714 172.286 
   214 213.857 
   198 255.429 
   190 297 
   180.429 338.571 
   177 380.143 
   172 421.714 
   167.714 463.286 
   159.143 504.857 
   149 546.429 
   139 588 
   128 629.571 
   119.857 671.143 
   109 712.714 
   100 754.286 
   96 795.857 
   94 837.429 
   91 879 
   117.875 837.125 
   149.75 796.25 
   190.625 757.375 
   232.5 727 
   274.375 695.625 
   316.25 674 
   358.125 675 
   400 674 
   399 632.333 
   403 590.667 
   412 549 
   426 507.333 
   431 465.667 
   437 424 
   443 382.333 
   461.333 340.667 
   476 299 
   482 257.333 
   484 215.667 
   481 174 
   464 132.333 
   433.667 90.6666 
}
