n_points:  44
{
   382 93 
   336.571 100 
   291.143 120 
   245.714 163.286 
   205.286 207.714 
   184 253.143 
   165.429 298.571 
   149 344 
   141 389.429 
   135 434.857 
   127 480.286 
   119 525.714 
   112 571.143 
   101 616.571 
   92 662 
   83.5714 707.429 
   74 752.857 
   62 798.286 
   58.2857 843.714 
   57 889.143 
   51 934.571 
   60 980 
   86.625 938.375 
   118.25 896.75 
   159.875 864 
   201.5 853.5 
   243.125 856 
   284.75 857 
   326.375 856 
   368 842 
   367 790.867 
   354.733 739.733 
   350 688.6 
   353 637.467 
   368 586.333 
   367 535.2 
   372 484.067 
   382.067 432.933 
   411 381.8 
   421 330.667 
   429 279.533 
   431 228.4 
   440 177.267 
   430.133 126.133 
}
