n_points:  44
{
   398 72 
   357.857 77 
   317.714 96.2857 
   277.571 129.429 
   238.429 161.571 
   211.286 201.714 
   200 241.857 
   191 282 
   185 322.143 
   180 362.286 
   176 402.429 
   175 442.571 
   174 482.714 
   168 522.857 
   160 563 
   153 603.143 
   148 643.286 
   141 683.429 
   137 723.571 
   136 763.714 
   139 803.857 
   144 844 
   159 798.125 
   185.75 752.25 
   230.625 708.375 
   276.5 681 
   322.375 670 
   368.25 666 
   414.125 668.125 
   460 683 
   476.667 639.333 
   482 595.667 
   484 552 
   491 508.333 
   493 464.667 
   493 421 
   492 377.333 
   494 333.667 
   499 290 
   505 246.333 
   501 202.667 
   491 159 
   473 115.333 
   441.667 78.6666 
}
