n_points:  44
{
   344 121 
   305.619 135 
   267.238 162.762 
   228.857 195 
   194.476 229.524 
   174 267.905 
   159.714 306.286 
   146.333 344.667 
   137 383.048 
   131 421.429 
   126.19 459.81 
   118.81 498.19 
   111 536.571 
   102 574.952 
   88.6667 613.333 
   74 651.714 
   62.9048 690.095 
   47 728.476 
   40 766.857 
   39 805.238 
   42 843.619 
   53 882 
   72.375 835.625 
   97.75 789.25 
   138.125 748 
   184.5 717.5 
   230.875 701 
   277.25 695 
   323.625 695 
   370 705 
   377 663.2 
   376 621.4 
   377 579.6 
   373 537.8 
   374 496 
   388 454.2 
   407 412.4 
   424.4 370.6 
   446 328.8 
   455 287 
   455 245.2 
   445.4 203.4 
   424.6 161.6 
   385.8 128 
}
