n_points:  44
{
   391 46 
   351.571 54.4286 
   312.143 68 
   272.714 86 
   234.286 120.714 
   199.857 160.143 
   175 199.571 
   160 239 
   151 278.429 
   142 317.857 
   137 357.286 
   134 396.714 
   129 436.143 
   131 475.571 
   131 515 
   131 554.429 
   130 593.857 
   127 633.286 
   125.286 672.714 
   125 712.143 
   129 751.571 
   142 791 
   160 747 
   187 703 
   228 660 
   272 633 
   316 622 
   360 620 
   404 623 
   448 624 
   434 583 
   418 542 
   411 501 
   418 460 
   437 419 
   450 378 
   460 337 
   465 296 
   468 255 
   470 214 
   468 173 
   464 132 
   461 91 
   432 54 
}
