n_points:  44
{
   385 70 
   337.714 76.2857 
   290.429 102 
   244.143 142.857 
   212 190.143 
   189 237.429 
   175.286 284.714 
   166 332 
   162 379.286 
   159 426.571 
   159 473.857 
   158 521.143 
   156 568.429 
   149 615.714 
   142 663 
   131 710.286 
   117 757.571 
   104 804.857 
   98.8571 852.143 
   97 899.429 
   100 946.714 
   106 994 
   121 956 
   146 918 
   177 880 
   212 842 
   250 817 
   288 806 
   326 802 
   364 801 
   415 765.4 
   413 712.8 
   414 660.2 
   425.4 607.6 
   447 555 
   451 502.4 
   461 449.8 
   467 397.2 
   472 344.6 
   477 292 
   482 239.4 
   486 186.8 
   483 134.2 
   437.6 89.6 
}
