n_points:  44
{
   380 71 
   333 81 
   286 111 
   247 158 
   210 205 
   189 252 
   170 299 
   165 346 
   159 393 
   151 440 
   146 487 
   138 534 
   129 581 
   119 628 
   113 675 
   105 722 
   94 769 
   83 816 
   75 863 
   73 910 
   78 957 
   80 1004 
   117 975.75 
   150.5 939.5 
   190.75 905.25 
   231 874 
   271.25 866 
   311.5 864.5 
   351.75 868 
   392 857 
   383.6 802.4 
   393 747.8 
   413.8 693.2 
   431 638.6 
   437 584 
   436 529.4 
   442 474.8 
   465.8 420.2 
   488.4 365.6 
   492 311 
   491 256.4 
   483 201.8 
   470 147.2 
   433.6 92.6001 
}
