n_points:  44
{
   384 101 
   343.095 109 
   302.19 128.81 
   267 165.714 
   239.381 206.619 
   221 247.524 
   211 288.429 
   203 329.333 
   198 370.238 
   196 411.143 
   191 452.048 
   190 492.952 
   192 533.857 
   197 574.762 
   197 615.667 
   191.429 656.571 
   183 697.476 
   177 738.381 
   171 779.286 
   167 820.19 
   165 861.095 
   167 902 
   186.5 866.5 
   212 831 
   244.5 797.5 
   280 777 
   315.5 767 
   351 762 
   386.5 756 
   422 742 
   433 695.533 
   443 649.067 
   452 602.6 
   455 556.133 
   459 509.667 
   465 463.2 
   471 416.733 
   476 370.267 
   479 323.8 
   479.667 277.333 
   481 230.867 
   481 184.4 
   471.933 137.933 
   430.467 105.467 
}
