n_points:  44
{
   380 79 
   339.333 81 
   298.667 94 
   258 126 
   220 159.667 
   190 200.333 
   167 241 
   154 281.667 
   145 322.333 
   136 363 
   124.333 403.667 
   116 444.333 
   111 485 
   104 525.667 
   94 566.333 
   82 607 
   73 647.667 
   63.6667 688.333 
   55 729 
   50 769.667 
   56 810.333 
   66 851 
   105 809.25 
   125 767.5 
   148.25 725.75 
   183 691 
   224.75 672 
   266.5 674 
   308.25 691 
   350 705 
   369 660.867 
   371 616.733 
   375 572.6 
   388.533 528.467 
   406.667 484.333 
   411 440.2 
   418 396.067 
   439 351.933 
   462 307.8 
   471 263.667 
   478 219.533 
   474 175.4 
   457 131.267 
   424.133 95.1333 
}
