n_points:  44
{
   408 119 
   372.952 130 
   337.905 151.095 
   302.857 181 
   272.81 214.19 
   253 249.238 
   235 284.286 
   222 319.333 
   217 354.381 
   215 389.429 
   215 424.476 
   217 459.524 
   219 494.571 
   221 529.619 
   223 564.667 
   226 599.714 
   228 634.762 
   229 669.81 
   227 704.857 
   226 739.905 
   225 774.952 
   224 810 
   246.5 782.5 
   272 755 
   299.5 737.5 
   327 722 
   354.5 719 
   382 722 
   409.5 723 
   437 724 
   424 681.867 
   420.733 639.733 
   420 597.6 
   423 555.467 
   440.667 513.333 
   443 471.2 
   445 429.067 
   451 386.933 
   465 344.8 
   464 302.667 
   468 260.533 
   475 218.4 
   473 176.267 
   450.133 134.133 
}
