n_points:  44
{
   376 132 
   332.952 138 
   289.905 153 
   246.857 174.143 
   204.81 209.19 
   175.762 252.238 
   156.714 295.286 
   144 338.333 
   137.619 381.381 
   130.571 424.429 
   128 467.476 
   125 510.524 
   119 553.571 
   111 596.619 
   103 639.667 
   96 682.714 
   85 725.762 
   81 768.81 
   78 811.857 
   77 854.905 
   78 897.952 
   79 941 
   101.125 890.875 
   133 840.75 
   168.375 790.625 
   218.5 761 
   268.625 753 
   318.75 755 
   368.875 761 
   419 762 
   405 719 
   397 676 
   401 633 
   409 590 
   416 547 
   420 504 
   428 461 
   436 418 
   445 375 
   449 332 
   449 289 
   445 246 
   438 203 
   415 160 
}
