n_points:  44
{
   437 76 
   401.571 81 
   366.143 92 
   330.714 112.286 
   295.286 141.714 
   263.857 177.143 
   234.429 212.571 
   220 248 
   208 283.429 
   196 318.857 
   189 354.286 
   186 389.714 
   184 425.143 
   181 460.571 
   178 496 
   175 531.429 
   172 566.857 
   168 602.286 
   162 637.714 
   162 673.143 
   165 708.571 
   170 744 
   192.875 708.125 
   222 672.25 
   256.625 637.375 
   292.5 613.5 
   328.375 603 
   364.25 598 
   400.125 596 
   436 595 
   426.267 559.267 
   425 523.533 
   446.2 487.8 
   463 452.067 
   473 416.333 
   473 380.6 
   473 344.867 
   478 309.133 
   488 273.4 
   496.333 237.667 
   503.067 201.933 
   505.2 166.2 
   492 130.467 
   472.733 96 
}
