n_points:  44
{
   399 8 
   361.619 11.381 
   324.238 29.7619 
   286.857 50.1429 
   250.476 78.5238 
   221 115.905 
   201.714 153.286 
   179.333 190.667 
   166.952 228.048 
   154.571 265.429 
   147 302.81 
   144 340.19 
   142 377.571 
   136 414.952 
   128.667 452.333 
   123 489.714 
   116 527.095 
   109 564.476 
   100 601.857 
   94 639.238 
   95 676.619 
   108 714 
   136 693 
   164 674 
   192 664 
   220 659 
   248 658 
   276 662 
   304 669 
   332 675 
   327 628.667 
   331.667 582.333 
   347 536 
   367.333 489.667 
   389 443.333 
   406 397 
   412 350.667 
   418 304.333 
   436 258 
   459 211.667 
   467 165.333 
   473 119 
   474 72.6666 
   445.333 28.3334 
}
