n_points:  44
{
   363 79 
   320.333 86 
   277.667 115.333 
   237 158 
   202 200.667 
   177.667 243.333 
   161 286 
   153 328.667 
   145.667 371.333 
   139 414 
   138 456.667 
   136 499.333 
   134 542 
   132 584.667 
   129 627.333 
   125 670 
   122 712.667 
   120 755.333 
   121 798 
   123 840.667 
   132.333 883.333 
   150 926 
   165.125 883.875 
   186.25 841.75 
   223.375 805.625 
   265.5 781 
   307.625 770.375 
   349.75 768 
   391.875 772 
   434 785 
   446 734.333 
   443 683.667 
   447 633 
   446 582.333 
   444 531.667 
   445 481 
   445.667 430.333 
   448 379.667 
   457 329 
   458 278.333 
   457 227.667 
   458 177 
   449.333 126.333 
   413.667 85 
}
