n_points:  44
{
   393 96 
   344.429 103 
   295.857 120 
   247.286 144.714 
   198.714 187.286 
   156 234.857 
   130 283.429 
   112 332 
   96.4286 380.571 
   86 429.143 
   78 477.714 
   73 526.286 
   67 574.857 
   62 623.429 
   58 672 
   55 720.571 
   51 769.143 
   48 817.714 
   49 866.286 
   55.8571 914.857 
   69.4286 963.429 
   88 1012 
   111 967.5 
   147 923 
   179 878.5 
   222 844 
   266.5 824 
   311 819 
   355.5 815 
   400 817 
   387 767.133 
   379 717.267 
   381 667.4 
   382 617.533 
   402.333 567.667 
   421 517.8 
   436.067 467.933 
   452 418.067 
   462 368.2 
   471.667 318.333 
   476 268.467 
   475 218.6 
   467 168.733 
   442.867 118.867 
}
