n_points:  44
{
   382 74 
   340.952 87 
   299.905 105 
   258.857 136.143 
   221.81 177.19 
   197 218.238 
   182 259.286 
   172 300.333 
   166 341.381 
   160 382.429 
   156 423.476 
   153 464.524 
   153 505.571 
   152 546.619 
   149 587.667 
   146 628.714 
   145 669.762 
   147 710.81 
   147 751.857 
   149 792.905 
   157 833.952 
   171 875 
   186.75 839.25 
   210.5 805.5 
   246.25 774.75 
   282 753 
   317.75 745 
   353.5 750 
   389.25 736 
   425 709 
   419 664.867 
   415 620.733 
   418 576.6 
   424 532.467 
   431 488.333 
   437 444.2 
   445 400.067 
   457 355.933 
   459 311.8 
   458 267.667 
   458 223.533 
   457.4 179.4 
   447 135.267 
   425.133 91.1333 
}
