n_points:  44
{
   370 70 
   336.143 74.8571 
   302.286 85 
   268.429 107.571 
   242 141.429 
   224 175.286 
   210 209.143 
   198 243 
   191 276.857 
   184 310.714 
   179 344.571 
   176.571 378.429 
   172 412.286 
   168 446.143 
   166 480 
   161 513.857 
   155 547.714 
   150 581.571 
   146 615.429 
   141 649.286 
   140 683.143 
   150 717 
   178.625 694.375 
   207.25 673.75 
   235.875 657 
   264.5 646.5 
   293.125 644 
   321.75 643 
   350.375 645 
   379 648 
   367 606.8 
   375.4 565.6 
   396.6 524.4 
   420 483.2 
   439 442 
   444 400.8 
   449 359.6 
   461.6 318.4 
   475.8 277.2 
   479 236 
   473 194.8 
   461 153.6 
   445.4 112.4 
   411.2 78 
}
