n_points:  44
{
   327 175 
   285.095 180 
   243.19 197.81 
   201.286 227.714 
   164.381 265.619 
   150 307.524 
   144.571 349.429 
   137 391.333 
   129 433.238 
   122 475.143 
   117 517.048 
   112.048 558.952 
   111 600.857 
   108 642.762 
   105 684.667 
   100 726.571 
   96 768.476 
   93 810.381 
   90 852.286 
   87 894.19 
   82 936.095 
   77 978 
   104.75 937.25 
   136.5 896.5 
   171.25 855.75 
   212 828 
   252.75 813 
   293.5 811 
   334.25 802 
   375 786 
   370 743.4 
   371 700.8 
   382.8 658.2 
   390 615.6 
   393 573 
   393 530.4 
   397 487.8 
   407 445.2 
   417 402.6 
   426 360 
   430.6 317.4 
   428 274.8 
   412.2 232.2 
   369.6 193.6 
}
