n_points:  44
{
   363 57 
   321.381 67 
   279.762 88.2381 
   238.143 121.857 
   207 162.476 
   188 204.095 
   175 245.714 
   169 287.333 
   167 328.952 
   166 370.571 
   163 412.19 
   167 453.81 
   168 495.429 
   168 537.048 
   164 578.667 
   155 620.286 
   147 661.905 
   146 703.524 
   149 745.143 
   157 786.762 
   168 828.381 
   187 870 
   203 837.625 
   234.75 806.25 
   267.125 780 
   299.5 760 
   331.875 749 
   364.25 740 
   396.625 737.625 
   429 741 
   429 692.4 
   439 643.8 
   446 595.2 
   448 546.6 
   449 498 
   447 449.4 
   448 400.8 
   454 352.2 
   462 303.6 
   461 255 
   451 206.4 
   448 157.8 
   447.2 109.2 
   411.6 68.6 
}
