n_points:  44
{
   416 77 
   378.048 82 
   340.095 99 
   302.143 128.857 
   264.19 158.81 
   230.238 190.762 
   208.286 228.714 
   194 266.667 
   178 304.619 
   164 342.571 
   152 380.524 
   144 418.476 
   139 456.429 
   136 494.381 
   130 532.333 
   129 570.286 
   123.762 608.238 
   116 646.19 
   106.857 684.143 
   103 722.095 
   101 760.048 
   100 798 
   117.25 758.75 
   144.5 720.5 
   183.75 690.25 
   223 672 
   262.25 664 
   301.5 666 
   340.75 673 
   380 689 
   392 645.6 
   411.8 602.2 
   433 558.8 
   449 515.4 
   467 472 
   492.4 428.6 
   501 385.2 
   505 341.8 
   508 298.4 
   517 255 
   522 211.6 
   518 168.2 
   500.8 124.8 
   459.4 93.4 
}
