n_points:  44
{
   369 96 
   327.381 101.619 
   285.762 119.238 
   244.143 151 
   205 187.476 
   185 229.095 
   172 270.714 
   164.667 312.333 
   160 353.952 
   154 395.571 
   152 437.19 
   150 478.81 
   149 520.429 
   148 562.048 
   145 603.667 
   142 645.286 
   141 686.905 
   138 728.524 
   134 770.143 
   130 811.762 
   126 853.381 
   128 895 
   149 859 
   179 823 
   215 793 
   251 774 
   287 762 
   323 756 
   359 757 
   395 757 
   403 710.067 
   390.133 663.133 
   386 616.2 
   396 569.267 
   409.667 522.333 
   422.6 475.4 
   437 428.467 
   450 381.533 
   457 334.6 
   459 287.667 
   461 240.733 
   461 193.8 
   453 146.867 
   415.933 107 
}
