n_points:  44
{
   324 126 
   279.81 129.19 
   235.619 147.381 
   191.429 178.571 
   152.238 218.762 
   131 262.952 
   118 307.143 
   110 351.333 
   107 395.524 
   108 439.714 
   107 483.905 
   107 528.095 
   108 572.286 
   106 616.476 
   100.333 660.667 
   93 704.857 
   84 749.048 
   78 793.238 
   77.4286 837.429 
   80 881.619 
   87 925.81 
   99 970 
   122 931.875 
   142.25 893.75 
   179.375 863 
   217.5 854.5 
   255.625 839 
   293.75 831.25 
   331.875 832 
   370 825 
   371 775.333 
   368 725.667 
   379 676 
   390.667 626.333 
   398 576.667 
   401 527 
   403 477.333 
   403 427.667 
   405 378 
   418.667 328.333 
   425 278.667 
   428 229 
   415 179.333 
   373.667 135.667 
}
