n_points:  44
{
   336 63 
   289.333 73.6667 
   242.667 95.3333 
   196 133 
   156.333 178.667 
   134.667 225.333 
   119 272 
   113 318.667 
   112 365.333 
   112 412 
   110 458.667 
   108 505.333 
   108 552 
   110 598.667 
   108 645.333 
   107 692 
   104 738.667 
   101 785.333 
   91 832 
   98 878.667 
   116 925.333 
   122 972 
   137 926.375 
   157.25 880.75 
   202.875 838.125 
   248.5 806.5 
   294.125 792 
   339.75 781 
   385.375 777 
   431 777 
   421.733 726.733 
   408.467 676.467 
   407.8 626.2 
   421 575.933 
   435.333 525.667 
   439 475.4 
   438 425.133 
   437 374.867 
   433 324.6 
   433 274.333 
   433 224.067 
   430 173.8 
   422 123.533 
   386.267 77.2666 
}
