n_points:  44
{
   366 90 
   328.048 109.952 
   290.095 138.905 
   252.143 174.857 
   220 212.81 
   197 250.762 
   183 288.714 
   174 326.667 
   169 364.619 
   164 402.571 
   160 440.524 
   157 478.476 
   155 516.429 
   157 554.381 
   158 592.333 
   158 630.286 
   158 668.238 
   153 706.19 
   149 744.143 
   150 782.095 
   155 820.048 
   162 858 
   183.5 820.5 
   203 783 
   240.5 753.5 
   278 731 
   315.5 720 
   353 710 
   390.5 696.5 
   428 671 
   411.067 628.067 
   400 585.133 
   407.8 542.2 
   420 499.267 
   433 456.333 
   440 413.4 
   445 370.467 
   454 327.533 
   454 284.6 
   457 241.667 
   463 198.733 
   459.8 155.8 
   448.867 112.867 
   408.933 84.0667 
}
