n_points:  44
{
   374 57 
   326.095 67 
   278.19 95.8095 
   232.286 139.714 
   203.381 187.619 
   182.476 235.524 
   161.571 283.429 
   143 331.333 
   130 379.238 
   123 427.143 
   119.952 475.048 
   118 522.952 
   112 570.857 
   108 618.762 
   102 666.667 
   93 714.571 
   82 762.476 
   72 810.381 
   72 858.286 
   75 906.19 
   76 954.095 
   89 1002 
   109 952.625 
   135.75 903.25 
   177.125 855.875 
   226.5 812.5 
   275.875 787 
   325.25 774 
   374.625 759 
   424 744 
   426 695.8 
   428 647.6 
   431 599.4 
   430 551.2 
   428 503 
   433 454.8 
   445 406.6 
   456 358.4 
   468.8 310.2 
   475 262 
   477.8 213.8 
   475 165.6 
   458 117.4 
   422.2 74.2 
}
