n_points:  44
{
   354 85 
   307.619 84 
   261.238 106 
   214.857 143.143 
   179 187.524 
   157.095 233.905 
   143.714 280.286 
   128 326.667 
   116 373.048 
   108.571 419.429 
   100.19 465.81 
   99 512.19 
   98 558.571 
   95.0476 604.952 
   86.6667 651.333 
   77 697.714 
   60 744.095 
   47 790.476 
   41 836.857 
   41 883.238 
   47 929.619 
   52 976 
   75.375 929.625 
   114.75 891.25 
   161.125 861.875 
   207.5 848 
   253.875 846 
   300.25 849 
   346.625 855 
   393 863 
   385 809.4 
   377 755.8 
   381 702.2 
   393.4 648.6 
   400 595 
   402 541.4 
   405 487.8 
   412 434.2 
   423.4 380.6 
   439 327 
   444 273.4 
   442 219.8 
   436 166.2 
   405.6 112.6 
}
