n_points:  44
{
   398 111 
   367.095 109.905 
   336.19 124 
   305.286 138.714 
   274.381 161 
   243.476 182.524 
   213.571 209.429 
   188.667 240.333 
   171 271.238 
   157 302.143 
   147 333.048 
   142 363.952 
   139 394.857 
   135 425.762 
   130 456.667 
   122 487.571 
   116 518.476 
   112 549.381 
   102 580.286 
   94.8095 611.19 
   90 642.095 
   85 673 
   117.25 648.75 
   149.5 633.5 
   181.75 625 
   214 620 
   246.25 620 
   278.5 628 
   310.75 638 
   343 653 
   339 615.467 
   339 577.933 
   347.6 540.4 
   361 502.867 
   371 465.333 
   380.2 427.8 
   394 390.267 
   409.267 352.733 
   427.8 315.2 
   443.333 277.667 
   454 240.133 
   460 202.6 
   459 165.067 
   435.533 128 
}
