n_points:  44
{
   368 44 
   325.952 49.0476 
   283.905 78.0952 
   241.857 117.143 
   209 158.19 
   191.762 200.238 
   176 242.286 
   167 284.333 
   163 326.381 
   159.571 368.429 
   154 410.476 
   152 452.524 
   150 494.571 
   145 536.619 
   137.333 578.667 
   130 620.714 
   124 662.762 
   122 704.81 
   119.143 746.857 
   121 788.905 
   129.952 830.952 
   142 873 
   150 832.5 
   170 792 
   203.5 752.5 
   244 719 
   284.5 698.5 
   325 689 
   365.5 689.5 
   404 676 
   413 632 
   416 588 
   418 544 
   427 500 
   438 456 
   442 412 
   444 368 
   444 324 
   452 280 
   449 236 
   443 192 
   440 148 
   437 104 
   412 61 
}
