n_points:  44
{
   411 113 
   374.19 122 
   337.381 142.619 
   300.571 169.429 
   264.762 206.238 
   233.952 243.048 
   216 279.857 
   203 316.667 
   194.524 353.476 
   189 390.286 
   182 427.095 
   176 463.905 
   170 500.714 
   167 537.524 
   164 574.333 
   159 611.143 
   156.048 647.952 
   151 684.762 
   149 721.571 
   147 758.381 
   146.19 795.19 
   160 832 
   172 798.125 
   181.75 764.25 
   208.625 731.375 
   242.5 703.5 
   276.375 674.625 
   310.25 661 
   344.125 659 
   378 675 
   397 641.333 
   390 602.667 
   393 564 
   402 525.333 
   421 486.667 
   435 448 
   453.667 409.333 
   463 370.667 
   466 332 
   467 293.333 
   472 254.667 
   479 216 
   479 177.333 
   448.667 138.667 
}
