n_points:  44
{
   367 83 
   322.571 88 
   278.143 103.857 
   233.714 131.286 
   189.286 167.714 
   159 211.143 
   144 255.571 
   137 300 
   130 344.429 
   124 388.857 
   122 433.286 
   118 477.714 
   112 522.143 
   104 566.571 
   100 611 
   92.5714 655.429 
   80 699.857 
   75 744.286 
   72 788.714 
   74.1429 833.143 
   79 877.571 
   89 922 
   108 877.125 
   131 832.25 
   167.625 788.375 
   212.5 755 
   257.375 733.625 
   302.25 719.75 
   347.125 717 
   392 716 
   393 671.067 
   390 626.133 
   395 581.2 
   413 536.267 
   428 491.333 
   436 446.4 
   438 401.467 
   442 356.533 
   446 311.6 
   452 266.667 
   458.267 221.733 
   458 176.8 
   445.867 131.867 
   411.933 92.9333 
}
