n_points:  44
{
   360 48 
   316.429 57 
   272.857 76.1429 
   230.286 114.714 
   198.714 158.286 
   177 201.857 
   161 245.429 
   152 289 
   148 332.571 
   147 376.143 
   145 419.714 
   144 463.286 
   143 506.857 
   142 550.429 
   138 594 
   136 637.571 
   134 681.143 
   132 724.714 
   134 768.286 
   146.857 811.857 
   161.429 855.429 
   177 899 
   183 860.25 
   196 821.5 
   221 782.75 
   251 744 
   287.75 714.25 
   326.5 693 
   365.25 684.75 
   404 684 
   393 639.2 
   387 594.4 
   386 549.6 
   398 504.8 
   411 460 
   413 415.2 
   413 370.4 
   423 325.6 
   437 280.8 
   441 236 
   444 191.2 
   443 146.4 
   433 101.6 
   404.8 60 
}
