n_points:  44
{
   385 103 
   346.619 107.381 
   308.238 124 
   269.857 146 
   233 175.524 
   205.095 213.905 
   184 252.286 
   166 290.667 
   151.952 329.048 
   138 367.429 
   127.19 405.81 
   119 444.19 
   113.429 482.571 
   111 520.952 
   105 559.333 
   100.286 597.714 
   92 636.095 
   86 674.476 
   82 712.857 
   76.7619 751.238 
   71 789.619 
   69 828 
   111.125 782.875 
   157.25 751 
   203.375 732.625 
   249.5 718 
   295.625 703 
   341.75 700 
   387.875 703 
   434 697 
   431 654.867 
   425.733 612.733 
   421 570.6 
   425.533 528.467 
   449.667 486.333 
   452 444.2 
   455 402.067 
   457 359.933 
   456 317.8 
   458 275.667 
   460.467 233.533 
   463 191.4 
   459.267 149.267 
   427.133 111 
}
