n_points:  44
{
   369 11 
   329.381 23 
   289.762 42 
   251.143 73.8571 
   219.524 113.476 
   198.905 153.095 
   185 192.714 
   176 232.333 
   170 271.952 
   165 311.571 
   160 351.19 
   155.19 390.81 
   150 430.429 
   143.952 470.048 
   137 509.667 
   131 549.286 
   120 588.905 
   109 628.524 
   98 668.143 
   95 707.762 
   93 747.381 
   94 787 
   120.375 746.625 
   149.75 706.25 
   190.125 671.875 
   230.5 651 
   270.875 646.125 
   311.25 658 
   351.625 651 
   392 641 
   408.4 596.4 
   411 551.8 
   419 507.2 
   424 462.6 
   439 418 
   455 373.4 
   460.2 328.8 
   467 284.2 
   471 239.6 
   476 195 
   478 150.4 
   471 105.8 
   454.2 61.2 
   413.6 20.6 
}
