n_points:  44
{
   364 97 
   331.952 108 
   299.905 133.095 
   267.857 153.143 
   249 185.19 
   233.762 217.238 
   226 249.286 
   222 281.333 
   215.619 313.381 
   206.571 345.429 
   197 377.476 
   193 409.524 
   184.429 441.571 
   179 473.619 
   175 505.667 
   173 537.714 
   167.238 569.762 
   160 601.81 
   156 633.857 
   158 665.905 
   158 697.952 
   157 730 
   175.5 698.5 
   199 671 
   230.5 660 
   262 657 
   293.5 654 
   325 659 
   356.5 670.5 
   388 685 
   365 642.333 
   362 599.667 
   367 557 
   382.667 514.333 
   385 471.667 
   395 429 
   412.667 386.333 
   435 343.667 
   449 301 
   454 258.333 
   459 215.667 
   454 173 
   440 130.333 
   406.667 97 
}
