n_points:  44
{
   409 41 
   364.19 52.8095 
   319.381 71.619 
   274.571 98 
   231 135.238 
   207.952 180.048 
   195 224.857 
   185 269.667 
   175 314.476 
   169 359.286 
   161 404.095 
   149 448.905 
   140 493.714 
   130 538.524 
   117 583.333 
   108 628.143 
   101.048 672.952 
   98 717.762 
   101 762.571 
   109 807.381 
   126.19 852.19 
   150 897 
   167.75 850.25 
   193.5 803.5 
   216 756.75 
   262 722 
   302.75 683.25 
   348.5 658 
   395.25 665 
   442 681 
   443 635.867 
   431.733 590.733 
   428 545.6 
   437 500.467 
   449 455.333 
   464 410.2 
   468 365.067 
   476 319.933 
   483 274.8 
   487 229.667 
   485 184.533 
   484 139.4 
   479 94.2667 
   454.133 53.1333 
}
