n_points:  44
{
   379 70 
   346.048 72 
   313.095 80.9048 
   280.143 100.857 
   248.19 131.81 
   220.238 164.762 
   197 197.714 
   182 230.667 
   169 263.619 
   158 296.571 
   149 329.524 
   142 362.476 
   137 395.429 
   134 428.381 
   130 461.333 
   123 494.286 
   119 527.238 
   116 560.19 
   108 593.143 
   101 626.095 
   93 659.048 
   86 692 
   121.75 654.25 
   159.5 625 
   197.25 610.75 
   235 601 
   272.75 600 
   310.5 602 
   348.25 608.25 
   386 621 
   374 582.267 
   364.467 543.533 
   370 504.8 
   382 466.067 
   387 427.333 
   390 388.6 
   399.133 349.867 
   418.867 311.133 
   436 272.4 
   450.333 233.667 
   451 194.933 
   452 156.2 
   444 117.467 
   417.733 84.7333 
}
