n_points:  44
{
   398 45 
   356.524 54.4762 
   315.048 72.9524 
   273.571 93 
   234.095 132.905 
   212 174.381 
   201 215.857 
   194.667 257.333 
   190 298.81 
   183 340.286 
   177 381.762 
   171 423.238 
   169 464.714 
   166 506.19 
   162 547.667 
   158 589.143 
   153 630.619 
   150 672.095 
   152 713.571 
   156 755.048 
   160 796.524 
   165 838 
   185 803.25 
   208.5 768.5 
   240.25 733.75 
   275 705 
   309.75 690 
   344.5 691.5 
   379.25 697 
   414 700 
   433 654.267 
   422 608.533 
   423 562.8 
   432 517.067 
   448 471.333 
   463 425.6 
   464 379.867 
   470 334.133 
   473 288.4 
   480 242.667 
   471 196.933 
   473 151.2 
   471 105.467 
   443.733 63.7333 
}
