n_points:  44
{
   376 42 
   331.905 51 
   287.81 72.1905 
   243.714 111.286 
   209 155.381 
   191 199.476 
   180 243.571 
   170 287.667 
   167 331.762 
   163 375.857 
   161 419.952 
   161 464.048 
   158 508.143 
   152 552.238 
   150 596.333 
   147 640.429 
   139.476 684.524 
   135 728.619 
   130 772.714 
   123 816.81 
   118 860.905 
   115 905 
   141.75 866.25 
   167.5 827.5 
   206.25 792.75 
   245 764 
   283.75 743.25 
   322.5 735.5 
   361.25 729 
   400 713 
   403 666.2 
   404 619.4 
   409 572.6 
   415 525.8 
   420 479 
   427.8 432.2 
   446 385.4 
   454 338.6 
   457 291.8 
   460 245 
   462 198.2 
   460 151.4 
   455.6 104.6 
   422.8 57.8 
}
