n_points:  44
{
   399 126 
   354.429 130 
   309.857 145.143 
   265.286 178.714 
   227.714 222.286 
   202.143 266.857 
   183 311.429 
   172 356 
   162 400.571 
   154.857 445.143 
   146 489.714 
   142 534.286 
   137 578.857 
   133 623.429 
   125 668 
   116 712.571 
   111 757.143 
   108 801.714 
   111 846.286 
   118 890.857 
   129 935.429 
   138 980 
   157.375 942.625 
   189.75 914 
   227.125 901 
   264.5 891 
   301.875 887 
   339.25 877.75 
   376.625 866 
   414 851 
   395 800.867 
   388 750.733 
   394 700.6 
   409 650.467 
   426 600.333 
   432 550.2 
   436 500.067 
   446 449.933 
   461 399.8 
   473 349.667 
   480.467 299.533 
   482 249.4 
   474.267 199.267 
   449 149.133 
}
