n_points:  44
{
   401 60 
   354.333 69 
   307.667 85.3333 
   261 113 
   220.333 152.667 
   196 199.333 
   179 246 
   170 292.667 
   166 339.333 
   161 386 
   157 432.667 
   156 479.333 
   154 526 
   153 572.667 
   153 619.333 
   149 666 
   144 712.667 
   139 759.333 
   139 806 
   144 852.667 
   151 899.333 
   170 946 
   193.25 912.75 
   226.5 884.5 
   259.75 863 
   293 846 
   326.25 833.75 
   359.5 823 
   392.75 812 
   426 800 
   419 748 
   424 696 
   436 644 
   447 592 
   457 540 
   458 488 
   458 436 
   463 384 
   471 332 
   476 280 
   480 228 
   481 176 
   478 124 
   453 76 
}
