n_points:  44
{
   361 18 
   320 31 
   279 59 
   238 95 
   205 133 
   184 174 
   176 215 
   170 256 
   169 297 
   167 338 
   166 379 
   169 420 
   172 461 
   169 502 
   167 543 
   162 584 
   155 625 
   150 666 
   149 707 
   153 748 
   154 789 
   166 830 
   183 791.875 
   198.25 753.75 
   232.375 718.625 
   270.5 698.5 
   308.625 689 
   346.75 690.75 
   384.875 700 
   423 687 
   401 640.133 
   381 593.267 
   377 546.4 
   392 499.533 
   407 452.667 
   412 405.8 
   407 358.933 
   417 312.067 
   425 265.2 
   428 218.333 
   432 171.467 
   435 124.6 
   436 77.7333 
   407.867 36.8667 
 }
