n_points:  44
{
   426 89 
   381.81 95 
   337.619 117.381 
   293.429 146 
   253.238 186.762 
   219.048 230.952 
   200 275.143 
   190 319.333 
   179 363.524 
   177 407.714 
   175 451.905 
   174.905 496.095 
   174 540.286 
   171 584.476 
   165 628.667 
   157 672.857 
   148 717.048 
   143 761.238 
   143 805.429 
   143 849.619 
   145 893.81 
   153 938 
   174 894 
   198 850 
   216 806 
   257 775 
   301 759 
   345 748 
   389 745 
   433 740 
   430 694.267 
   441 648.533 
   450 602.8 
   463.933 557.067 
   472 511.333 
   476 465.6 
   482.133 419.867 
   495 374.133 
   505.6 328.4 
   516 282.667 
   522 236.933 
   522 191.2 
   510 145.467 
   471.733 105.733 
}
