n_points:  44
{
   406 64 
   373.571 70 
   341.143 82 
   308.714 104.286 
   276.286 133.714 
   251.857 166.143 
   235.429 198.571 
   225 231 
   215.571 263.429 
   206 295.857 
   198.714 328.286 
   192 360.714 
   185 393.143 
   178 425.571 
   172 458 
   164.571 490.429 
   156 522.857 
   153 555.286 
   150 587.714 
   147 620.143 
   145 652.571 
   145 685 
   169.75 645.25 
   193.5 606.5 
   233.25 579.75 
   273 563 
   312.75 540 
   352.5 530 
   392.25 532 
   432 536 
   423.267 502.267 
   423 468.533 
   432 434.8 
   438 401.067 
   440 367.333 
   443 333.6 
   456 299.867 
   470 266.133 
   474 232.4 
   475 198.667 
   476 164.933 
   475 131.2 
   472 97.4667 
   439.733 73 
}
