n_points:  44
{
   395 44 
   354.81 48.1905 
   314.619 64.381 
   274.429 97.5714 
   242 137.762 
   221 177.952 
   207 218.143 
   194 258.333 
   184 298.524 
   177 338.714 
   169 378.905 
   167 419.095 
   167 459.286 
   168 499.476 
   166 539.667 
   160 579.857 
   151 620.048 
   143 660.238 
   140.429 700.429 
   141.381 740.619 
   143.81 780.81 
   155 821 
   167.875 784.125 
   181 747.25 
   214.625 713.375 
   251.5 687 
   288.375 679 
   325.25 679 
   362.125 678 
   399 671 
   395 627.533 
   396 584.067 
   412 540.6 
   423.867 497.133 
   438 453.667 
   449 410.2 
   457 366.733 
   463.733 323.267 
   468 279.8 
   474 236.333 
   479 192.867 
   479 149.4 
   471 105.933 
   438.467 66 
}
