n_points:  44
{
   411 46 
   371.952 49 
   332.905 68 
   293.857 92.1429 
   258 129.19 
   234.762 168.238 
   220 207.286 
   207 246.333 
   197 285.381 
   189.571 324.429 
   181 363.476 
   175 402.524 
   170 441.571 
   166 480.619 
   160.333 519.667 
   154 558.714 
   149 597.762 
   141.19 636.81 
   142 675.857 
   150 714.905 
   161 753.952 
   169 793 
   200 758.5 
   226 724 
   259.5 692 
   294 671 
   328.5 658 
   363 651 
   397.5 653.5 
   432 661 
   420 617.533 
   413 574.067 
   414 530.6 
   424.867 487.133 
   442.333 443.667 
   451 400.2 
   456 356.733 
   456 313.267 
   462 269.8 
   472 226.333 
   480 182.867 
   486.6 139.4 
   486 95.9333 
   454.467 57 
}
