n_points:  44
{
   399 46 
   357.619 64.381 
   316.238 90.7619 
   274.857 131.143 
   233.476 170.524 
   211.095 211.905 
   199.714 253.286 
   192 294.667 
   188 336.048 
   188 377.429 
   187 418.81 
   185 460.19 
   182 501.571 
   175 542.952 
   166 584.333 
   161 625.714 
   158 667.095 
   157 708.476 
   159.857 749.857 
   168 791.238 
   176 832.619 
   190 874 
   203 836.375 
   231.25 800.75 
   268.875 777.125 
   306.5 764 
   344.125 741.875 
   381.75 727 
   419.375 723 
   457 726 
   442 676.4 
   429 626.8 
   432 577.2 
   442 527.6 
   462 478 
   471 428.4 
   480 378.8 
   485 329.2 
   490 279.6 
   495 230 
   500 180.4 
   498 130.8 
   490 81.2 
   448.6 47 
}
