n_points:  44
{
   351 87 
   316.143 89 
   281.286 104.714 
   246.429 127.571 
   211.571 152.429 
   187 186.286 
   173 221.143 
   166 256 
   162 290.857 
   159 325.714 
   156 360.571 
   153 395.429 
   152 430.286 
   150 465.143 
   148 500 
   146 534.857 
   144 569.714 
   141 604.571 
   139 639.429 
   135 674.286 
   131 709.143 
   132 744 
   159 710.5 
   188 681 
   221.5 660.5 
   255 650 
   288.5 646.5 
   322 649 
   355.5 653 
   389 646 
   377 606.267 
   380 566.533 
   391.2 526.8 
   405.933 487.067 
   405 447.333 
   402 407.6 
   408 367.867 
   419 328.133 
   430 288.4 
   435 248.667 
   436 208.933 
   435 169.2 
   423.467 129.467 
   390.733 97.7333 
}
