n_points:  44
{
   383 120 
   341.333 125.667 
   299.667 151.333 
   260 192 
   229.333 233.667 
   211 275.333 
   203 317 
   197 358.667 
   196 400.333 
   198 442 
   194 483.667 
   193.667 525.333 
   190 567 
   184 608.667 
   171 650.333 
   162 692 
   153 733.667 
   142 775.333 
   135 817 
   133 858.667 
   136 900.333 
   144 942 
   159 902.75 
   183.5 863.5 
   211.75 824.25 
   251 790 
   290.25 764 
   329.5 746.5 
   368.75 742 
   408 748 
   426 707.133 
   419 662.267 
   412 617.4 
   426.467 572.533 
   448 527.667 
   446 482.8 
   451 437.933 
   456 393.067 
   468 348.2 
   480 303.333 
   481 258.467 
   478 213.6 
   459.733 168.733 
   427.867 129.867 
}
