n_points:  44
{
   419 59 
   376.429 69 
   333.857 92 
   295.286 130.714 
   260.714 173.286 
   246 215.857 
   232.571 258.429 
   221 301 
   213 343.571 
   207 386.143 
   203 428.714 
   200 471.286 
   197 513.857 
   195 556.429 
   192 599 
   189 641.571 
   186 684.143 
   185 726.714 
   184 769.286 
   180.143 811.857 
   180 854.429 
   192 897 
   208.25 861.75 
   224.5 826.5 
   250.75 792.25 
   286 765 
   321.25 747.75 
   356.5 737.5 
   391.75 738 
   427 747 
   423 699.133 
   417.267 651.267 
   415 603.4 
   423 555.533 
   442.333 507.667 
   455 459.8 
   455 411.933 
   452 364.067 
   458 316.2 
   468 268.333 
   477.533 220.467 
   486 172.6 
   489 124.733 
   466.867 76.8667 
}
