n_points:  44
{
   376 32 
   326.238 45 
   276.476 70.5238 
   226.714 104.286 
   188 154.048 
   163 203.81 
   145 253.571 
   135 303.333 
   128 353.095 
   124 402.857 
   117 452.619 
   112 502.381 
   107 552.143 
   97 601.905 
   86 651.667 
   76 701.429 
   69 751.19 
   63 800.952 
   59 850.714 
   64 900.476 
   74.2381 950.238 
   86 1000 
   116.625 961.375 
   142.25 922.75 
   177.875 887.125 
   216.5 859.5 
   255.125 835.875 
   293.75 816 
   332.375 802 
   371 801 
   383 746.467 
   388 691.933 
   394 637.4 
   404 582.867 
   413 528.333 
   419 473.8 
   432.733 419.267 
   443.267 364.733 
   471 310.2 
   482 255.667 
   487 201.133 
   487 146.6 
   478 92.0667 
   430.533 47 
}
