n_points:  44
{
   398 74 
   355.286 87 
   312.571 107.429 
   269.857 141.143 
   229 180.857 
   198 223.571 
   179 266.286 
   165 309 
   154 351.714 
   144 394.429 
   132 437.143 
   135 479.857 
   133 522.571 
   123 565.286 
   112 608 
   105.286 650.714 
   95.5714 693.429 
   89 736.143 
   88 778.857 
   83 821.571 
   80 864.286 
   79 907 
   97 871.375 
   116.25 835.75 
   151.875 800.125 
   187.5 771 
   223.125 749 
   258.75 741.25 
   294.375 741 
   330 742 
   364 704.6 
   365.8 658.2 
   369.2 611.8 
   390.6 565.4 
   400 519 
   402 472.6 
   406 426.2 
   420 379.8 
   439 333.4 
   450 287 
   458.4 240.6 
   462 194.2 
   458.8 147.8 
   440.4 101.4 
}
