n_points:  44
{
   367 79 
   327.952 84 
   288.905 101.095 
   249.857 134.143 
   221.81 173.19 
   205.762 212.238 
   192 251.286 
   180 290.333 
   170 329.381 
   165 368.429 
   160 407.476 
   157 446.524 
   154 485.571 
   150 524.619 
   148 563.667 
   143 602.714 
   140 641.762 
   141 680.81 
   140 719.857 
   137 758.905 
   136 797.952 
   146 837 
   168 805.75 
   187.5 774.5 
   216.75 745 
   248 726 
   279.25 711 
   310.5 705.5 
   341.75 703 
   373 703 
   362 658.933 
   361 614.867 
   376 570.8 
   395 526.733 
   404 482.667 
   403 438.6 
   399 394.533 
   399 350.467 
   401.6 306.4 
   413.667 262.333 
   433 218.267 
   447 174.2 
   440.133 130.133 
   411.067 92 
}
