n_points:  44
{
   377 118 
   337.857 121.143 
   298.714 134 
   259.571 152 
   220.429 171.571 
   181.286 205.714 
   151.143 244.857 
   134 284 
   120 323.143 
   109 362.286 
   98 401.429 
   87 440.571 
   83 479.714 
   81 518.857 
   78 558 
   70.8571 597.143 
   58.7143 636.286 
   45 675.429 
   30 714.571 
   12.2857 753.714 
   7 792.857 
   6 832 
   42.75 816 
   79.5 806 
   116.25 805 
   153 807 
   189.75 807 
   226.5 796.5 
   263.25 787 
   300 770 
   310 723.933 
   315 677.867 
   326.2 631.8 
   348.267 585.733 
   369.333 539.667 
   379 493.6 
   389.467 447.533 
   416.533 401.467 
   448.6 355.4 
   463 309.333 
   467 263.267 
   467 217.2 
   456.133 171.133 
   423.067 127.067 
}
