n_points:  44
{
   383 73 
   355 77 
   327 89 
   301 114 
   275 140 
   250 168 
   232 196 
   221 224 
   212 252 
   206 280 
   203 308 
   200 336 
   199 364 
   199 392 
   198 420 
   200 448 
   202 476 
   205 504 
   204 532 
   202 560 
   200 588 
   201 616 
   222 591 
   247 570 
   272 553 
   297 542 
   322 540 
   347 542 
   372 547 
   397 555 
   410 519.733 
   420.533 484.467 
   430.8 449.2 
   441 413.933 
   448 378.667 
   458 343.4 
   461 308.133 
   464.133 272.867 
   471 237.6 
   473 202.333 
   471 167.067 
   465.8 131.8 
   450.533 96.5333 
   418.267 73 
}
