n_points:  44
{
   378 93 
   340.857 98 
   303.714 112.286 
   266.571 137 
   233.429 173.571 
   205.286 210.714 
   193.143 247.857 
   184 285 
   176 322.143 
   172 359.286 
   166.571 396.429 
   159 433.571 
   155 470.714 
   152 507.857 
   149 545 
   146 582.143 
   142 619.286 
   137 656.429 
   132 693.571 
   129 730.714 
   124 767.857 
   123 805 
   144.75 766.25 
   176.5 727.5 
   214.25 699.75 
   253 683 
   291.75 672 
   330.5 670 
   369.25 671 
   408 671 
   415 629.667 
   427 588.333 
   444 547 
   455 505.667 
   460 464.333 
   465 423 
   468 381.667 
   477.667 340.333 
   487 299 
   489 257.667 
   487 216.333 
   480 175 
   456 133.667 
   419.333 102.333 
}
