n_points:  44
{
   379 80 
   343.143 88 
   307.286 101.714 
   271.429 128 
   239 156.429 
   220 192.286 
   207 228.143 
   201 264 
   194 299.857 
   185 335.714 
   177 371.571 
   170 407.429 
   169 443.286 
   162 479.143 
   159 515 
   154 550.857 
   148 586.714 
   141 622.571 
   132 658.429 
   123 694.286 
   116 730.143 
   118 766 
   143 728 
   174 690 
   211 661 
   249 647 
   287 639 
   325 638 
   363 642 
   401 640 
   394.4 599.4 
   395.2 558.8 
   407 518.2 
   425 477.6 
   428 437 
   430 396.4 
   443 355.8 
   456.8 315.2 
   466 274.6 
   472 234 
   475 193.4 
   476 152.8 
   460.2 112.2 
   419.6 88 
}
