n_points:  44
{
   342 88 
   300.619 99.381 
   260.238 129.762 
   218.857 171.143 
   184.476 212.524 
   155 253.905 
   133.714 295.286 
   120 336.667 
   105 378.048 
   92.5714 419.429 
   83 460.81 
   72 502.19 
   65 543.571 
   60 584.952 
   53 626.333 
   46 667.714 
   36 709.095 
   26 750.476 
   21 791.857 
   18 833.238 
   16 874.619 
   16 916 
   45 875 
   75 834 
   115 804 
   156 782 
   197 773 
   238 769 
   279 763 
   320 756 
   337 709.067 
   341 662.133 
   354.8 615.2 
   382 568.267 
   392 521.333 
   391 474.4 
   397.533 427.467 
   413 380.533 
   427 333.6 
   434.333 286.667 
   439 239.733 
   437 192.8 
   430 145.867 
   388.933 103.933 
}
