n_points:  44
{
   419 86 
   382.095 102 
   345.19 121.81 
   308.286 153.714 
   276.381 189.619 
   252.476 226.524 
   234 263.429 
   226 300.333 
   221 337.238 
   217 374.143 
   216 411.048 
   216 447.952 
   215 484.857 
   213 521.762 
   216 558.667 
   216 595.571 
   213 632.476 
   206 669.381 
   203 706.286 
   201 743.19 
   196 780.095 
   197 817 
   212 780 
   241 743 
   277 711 
   314 684 
   351 668 
   388 664 
   425 668 
   462 670 
   443 628.267 
   430 586.533 
   428 544.8 
   436.933 503.067 
   463 461.333 
   479 419.6 
   489 377.867 
   506.867 336.133 
   513.6 294.4 
   516 252.667 
   516 210.933 
   509 169.2 
   494.467 127.467 
   460.733 87.7333 
}
