n_points:  44
{
   393 161 
   350.048 170 
   307.095 192 
   264.143 226 
   221.19 259.81 
   191.238 302.762 
   177 345.714 
   161 388.667 
   154 431.619 
   153 474.571 
   150 517.524 
   142 560.476 
   127.571 603.429 
   116 646.381 
   106 689.333 
   92 732.286 
   82.7619 775.238 
   79 818.19 
   78 861.143 
   78 904.095 
   84 947.048 
   97 990 
   117 943.25 
   152.5 896.5 
   198.25 855 
   245 834 
   291.75 823.25 
   338.5 824 
   385.25 830.75 
   432 817 
   418.8 770.8 
   410 724.6 
   415 678.4 
   427.8 632.2 
   433 586 
   436 539.8 
   447.4 493.6 
   457.6 447.4 
   465 401.2 
   475 355 
   478 308.8 
   480 262.6 
   473 216.4 
   439.2 177 
}
