n_points:  44
{
   356 82 
   310.048 93 
   264.095 122 
   219.143 165.857 
   183 211.81 
   156.238 257.762 
   136 303.714 
   126 349.667 
   119 395.619 
   112 441.571 
   106 487.524 
   98.5238 533.476 
   94 579.429 
   96 625.381 
   94 671.333 
   91 717.286 
   87 763.238 
   78 809.19 
   67.8571 855.143 
   59 901.095 
   56 947.048 
   60 993 
   85 954 
   125 924 
   165 898 
   205 877 
   245 864 
   285 856 
   325 851 
   365 849 
   374 794.8 
   378 740.6 
   395.6 686.4 
   408 632.2 
   415 578 
   418 523.8 
   427.4 469.6 
   434 415.4 
   437 361.2 
   441 307 
   447 252.8 
   453 198.6 
   452 144.4 
   410.2 92.2 
}
