n_points:  44
{
   357 121 
   315.905 130.095 
   274.81 149.19 
   235.714 187.286 
   201.619 228.381 
   178 269.476 
   156.429 310.571 
   144 351.667 
   136 392.762 
   130 433.857 
   129 474.952 
   129 516.048 
   125 557.143 
   119.762 598.238 
   113 639.333 
   107 680.429 
   97.4762 721.524 
   93 762.619 
   91.7143 803.714 
   100 844.81 
   102 885.905 
   105 927 
   123 881.625 
   136.75 836.25 
   180.125 790.875 
   220.5 748.5 
   265.875 717 
   311.25 693 
   356.625 695 
   402 698 
   409 656.933 
   410 615.867 
   412 574.8 
   420 533.733 
   424 492.667 
   430 451.6 
   435 410.533 
   438 369.467 
   440 328.4 
   439 287.333 
   437 246.267 
   434 205.2 
   427 164.133 
   398.067 127.067 
}
