n_points:  44
{
   356 90 
   318.714 101.286 
   281.429 120.571 
   244.143 154.857 
   215.857 192.143 
   195.571 229.429 
   187 266.714 
   181 304 
   176 341.286 
   173 378.571 
   172 415.857 
   172 453.143 
   171 490.429 
   167 527.714 
   158 565 
   152 602.286 
   147 639.571 
   140 676.857 
   136 714.143 
   136 751.429 
   139 788.714 
   142 826 
   161.375 794.625 
   177 763.25 
   207.125 734.875 
   238.5 711.5 
   269.875 700 
   301.25 695 
   332.625 697 
   364 705 
   395 663.4 
   387 619.8 
   395 576.2 
   406.4 532.6 
   418 489 
   420 445.4 
   423 401.8 
   434.8 358.2 
   449 314.6 
   450 271 
   446 227.4 
   440 183.8 
   431 140.2 
   399.6 100.6 
}
