n_points:  44
{
   339 20 
   293.905 29.0952 
   248.81 55 
   203.714 94.2857 
   169.619 138.381 
   143 183.476 
   128.429 228.571 
   117 273.667 
   108 318.762 
   100 363.857 
   92 408.952 
   85 454.048 
   79 499.143 
   76 544.238 
   77 589.333 
   79 634.429 
   77 679.524 
   75 724.619 
   81 769.714 
   90 814.81 
   98 859.905 
   122 905 
   141 866.125 
   168.75 827.25 
   207.625 807 
   246.5 783.5 
   285.375 767 
   324.25 762 
   363.125 754.875 
   402 733 
   398 682.4 
   398 631.8 
   411 581.2 
   425 530.6 
   430 480 
   430 429.4 
   432 378.8 
   432 328.2 
   430 277.6 
   428 227 
   428 176.4 
   431 125.8 
   428 75.2 
   389.6 33.6 
}
