n_points:  44
{
   414 27 
   372.095 37.9048 
   330.19 65.8095 
   294 106.714 
   266.381 148.619 
   240.476 190.524 
   222.571 232.429 
   212.667 274.333 
   206 316.238 
   204 358.143 
   206 400.048 
   206 441.952 
   207 483.857 
   208 525.762 
   208 567.667 
   205 609.571 
   201 651.476 
   197 693.381 
   194.714 735.286 
   200 777.19 
   210 819.095 
   222 861 
   240 827.5 
   262 794 
   289.5 763 
   323 739 
   356.5 723 
   390 709 
   423.5 700 
   457 692 
   442.333 644.333 
   429.667 596.667 
   428 549 
   441.667 501.333 
   459 453.667 
   472 406 
   481 358.333 
   489 310.667 
   508 263 
   520 215.333 
   519 167.667 
   514 120 
   502.333 72.3334 
   461.667 35 
}
