n_points:  44
{
   391 71 
   357.095 74 
   323.19 89.8095 
   291.286 114.714 
   268.381 148.619 
   240 182.524 
   220.571 216.429 
   209.667 250.333 
   197 284.238 
   192.857 318.143 
   190 352.048 
   189 385.952 
   189 419.857 
   189 453.762 
   186 487.667 
   182 521.571 
   178 555.476 
   176 589.381 
   175 623.286 
   173 657.19 
   175 691.095 
   178 725 
   187 687.5 
   204 650 
   228.5 612.5 
   266 589 
   303.5 572.5 
   341 554 
   378.5 544 
   416 532 
   413 498.933 
   412 465.867 
   416.2 432.8 
   433 399.733 
   455.333 366.667 
   465 333.6 
   468 300.533 
   470 267.467 
   472 234.4 
   470 201.333 
   470 168.267 
   469 135.2 
   456.133 102.133 
   424.067 76 
}
