n_points:  44
{
   387 82 
   344.238 100 
   301.476 126 
   260.714 158.286 
   228 201.048 
   205 243.81 
   188.429 286.571 
   178 329.333 
   167 372.095 
   160 414.857 
   152 457.619 
   145 500.381 
   135.857 543.143 
   125 585.905 
   119 628.667 
   104.571 671.429 
   93 714.19 
   83.0476 756.952 
   79 799.714 
   81 842.476 
   87 885.238 
   97 928 
   117 880.5 
   144 833 
   189.5 793.5 
   237 771 
   284.5 762 
   332 755 
   379.5 748 
   427 738 
   420.4 691.4 
   415 644.8 
   427.8 598.2 
   448 551.6 
   458 505 
   464 458.4 
   470 411.8 
   478 365.2 
   489 318.6 
   492 272 
   491 225.4 
   485.8 178.8 
   472 132.2 
   433.6 89.6 
}
