n_points:  44
{
   358 88 
   317.238 101 
   276.476 127.524 
   237.714 164.286 
   209.952 205.048 
   189 245.81 
   178.429 286.571 
   171 327.333 
   162 368.095 
   158 408.857 
   155.381 449.619 
   153 490.381 
   150 531.143 
   148 571.905 
   147 612.667 
   145 653.429 
   144 694.19 
   141 734.952 
   138 775.714 
   137.476 816.476 
   147 857.238 
   158 898 
   171 862 
   199 826 
   233 793 
   269 771 
   305 760 
   341 760 
   377 757 
   413 744 
   417.2 697.8 
   423.4 651.6 
   425 605.4 
   433 559.2 
   447 513 
   449 466.8 
   449 420.6 
   449 374.4 
   448 328.2 
   446 282 
   443.8 235.8 
   438 189.6 
   434 143.4 
   404.2 101.2 
}
