n_points:  44
{
   383 112 
   338.619 120 
   294.238 134 
   249.857 171.143 
   211.476 215.524 
   189 259.905 
   172.714 304.286 
   161 348.667 
   152 393.048 
   145 437.429 
   139 481.81 
   134 526.19 
   129 570.571 
   123 614.952 
   119 659.333 
   117 703.714 
   110.905 748.095 
   104 792.476 
   100 836.857 
   100 881.238 
   101 925.619 
   106 970 
   137.375 928.625 
   176.75 890.25 
   218.125 853.875 
   259.5 827 
   300.875 809 
   342.25 793 
   383.625 779.375 
   425 769 
   430 722.4 
   429 675.8 
   428 629.2 
   435 582.6 
   443 536 
   453 489.4 
   455 442.8 
   458 396.2 
   467 349.6 
   483 303 
   488 256.4 
   484 209.8 
   470 163.2 
   429.6 125 
}
