n_points:  44
{
   386 56 
   345.571 64 
   305.143 83.8571 
   265.714 117.286 
   228.286 157.714 
   203.857 198.143 
   195 238.571 
   189 279 
   183 319.429 
   180 359.857 
   182 400.286 
   185 440.714 
   189 481.143 
   194 521.571 
   194 562 
   192 602.429 
   192 642.857 
   193 683.286 
   191 723.714 
   184 764.143 
   185 804.571 
   194 845 
   208 812.125 
   234.75 782 
   267.625 765 
   300.5 749 
   333.375 739 
   366.25 736.75 
   399.125 743 
   432 753 
   450 703.4 
   444 653.8 
   441 604.2 
   450 554.6 
   458 505 
   459 455.4 
   464 405.8 
   474 356.2 
   487 306.6 
   496 257 
   500 207.4 
   498 157.8 
   481.2 108.2 
   435.6 69.6 
}
