n_points:  44
{
   349 42 
   311.857 48 
   274.714 70 
   237.571 99.4286 
   216 134.571 
   204 171.714 
   199 208.857 
   194 246 
   190 283.143 
   186 320.286 
   182 357.429 
   175 394.571 
   171 431.714 
   169 468.857 
   167 506 
   164 543.143 
   158 580.286 
   148.571 617.429 
   135.429 654.571 
   127 691.714 
   125 728.857 
   128 766 
   158.5 728.5 
   194 699 
   231.5 676.5 
   269 659 
   306.5 656.5 
   344 654 
   381.5 642 
   419 632 
   437 588.4 
   441 544.8 
   449 501.2 
   466 457.6 
   468 414 
   469 370.4 
   474 326.8 
   477 283.2 
   480.4 239.6 
   484 196 
   482.4 152.4 
   472.8 108.8 
   436.2 67.2 
   392.6 47 
}
