n_points:  44
{
   385 45 
   344.905 49.0952 
   304.81 78.1905 
   264.714 111.286 
   229.619 149.381 
   205 189.476 
   185 229.571 
   174 269.667 
   165 309.762 
   159 349.857 
   152 389.952 
   147 430.048 
   145 470.143 
   142 510.238 
   138 550.333 
   133 590.429 
   128 630.524 
   124 670.619 
   118.286 710.714 
   114 750.81 
   113 790.905 
   119 831 
   154 810 
   189 787 
   224 769 
   259 754 
   294 747 
   329 745 
   364 743 
   399 734 
   397 685.533 
   391 637.067 
   396 588.6 
   411 540.133 
   427.333 491.667 
   436 443.2 
   447 394.733 
   458 346.267 
   468 297.8 
   472 249.333 
   479 200.867 
   478 152.4 
   471 103.933 
   433.467 58.4667 
}
