n_points:  44
{
   348 60 
   304.333 68.6667 
   260.667 92.3333 
   217 124 
   179.333 167.667 
   161 211.333 
   151 255 
   142 298.667 
   134.667 342.333 
   127 386 
   119 429.667 
   110 473.333 
   101 517 
   91.3333 560.667 
   84 604.333 
   83 648 
   77 691.667 
   70 735.333 
   66 779 
   70 822.667 
   79 866.333 
   87 910 
   108 864.875 
   130.25 819.75 
   173.375 778.625 
   218.5 751.5 
   263.625 732 
   308.75 720 
   353.875 715 
   399 704 
   389.067 658.067 
   384 612.133 
   400 566.2 
   417.733 520.267 
   434 474.333 
   443 428.4 
   446 382.467 
   451 336.533 
   456 290.6 
   459 244.667 
   461 198.733 
   457 152.8 
   439.867 106.867 
   393.933 73 
}
