n_points:  44
{
   319 128 
   280.429 140 
   242.857 165.143 
   208.286 203.714 
   175 241.286 
   156.143 279.857 
   148 318.429 
   137 357 
   129 395.571 
   124 434.143 
   119 472.714 
   113 511.286 
   109 549.857 
   106 588.429 
   106 627 
   109 665.571 
   109 704.143 
   101.286 742.714 
   89 781.286 
   85 819.857 
   84 858.429 
   87 897 
   104 862.625 
   136.75 831.25 
   171.125 802.875 
   205.5 784.5 
   239.875 770 
   274.25 760 
   308.625 753.375 
   343 747 
   342 703 
   345 659 
   359 615 
   375 571 
   385 527 
   401 483 
   408 439 
   408 395 
   416 351 
   422 307 
   423 263 
   418 219 
   402 175 
   363 136 
}
