n_points:  44
{
   399 106 
   359.857 114 
   320.714 134 
   281.571 170.429 
   243.429 208.571 
   221.286 247.714 
   205.143 286.857 
   197 326 
   189 365.143 
   180 404.286 
   170.571 443.429 
   163 482.571 
   160 521.714 
   153 560.857 
   148 600 
   141 639.143 
   134.714 678.286 
   129 717.429 
   122 756.571 
   114 795.714 
   111 834.857 
   121 874 
   149.25 836.75 
   185.5 805.5 
   222.75 789.25 
   260 784 
   297.25 787 
   334.5 795 
   371.75 801.25 
   409 790 
   416 742.067 
   424 694.133 
   432.8 646.2 
   442 598.267 
   450 550.333 
   466 502.4 
   482.533 454.467 
   492.467 406.533 
   496 358.6 
   497 310.667 
   497 262.733 
   495 214.8 
   484.867 166.867 
   446.933 122.933 
}
