n_points:  44
{
   359 90 
   319.381 103.619 
   279.762 131.238 
   240.143 164.857 
   205.524 203.476 
   184 243.095 
   166.286 282.714 
   152.667 322.333 
   144.048 361.952 
   137 401.571 
   131 441.19 
   131 480.81 
   133 520.429 
   133 560.048 
   133 599.667 
   127 639.286 
   126 678.905 
   129 718.524 
   124 758.143 
   123 797.762 
   124 837.381 
   130 877 
   148.5 840.5 
   167 804 
   203.5 771.5 
   240 751 
   276.5 743 
   313 737 
   349.5 731 
   386 720 
   382 675 
   378 630 
   374 585 
   384 540 
   405 495 
   413 450 
   422 405 
   426 360 
   429 315 
   437 270 
   443 225 
   443 180 
   429 135 
   404 94 
}
