n_points:  44
{
   337 159 
   297.81 162.19 
   258.619 177 
   219.429 202.571 
   180.238 230.762 
   147.048 267.952 
   125.857 307.143 
   108 346.333 
   93 385.524 
   87 424.714 
   82 463.905 
   78 503.095 
   73 542.286 
   68 581.476 
   62 620.667 
   60 659.857 
   60 699.048 
   58 738.238 
   56 777.429 
   50.381 816.619 
   42 855.81 
   33 895 
   68.875 852.125 
   109.75 818.25 
   152.625 794 
   195.5 783.5 
   238.375 782 
   281.25 786.25 
   324.125 794.125 
   367 802 
   383 755.733 
   388 709.467 
   400 663.2 
   413.067 616.933 
   424 570.667 
   435 524.4 
   430 478.133 
   434 431.867 
   442.4 385.6 
   446 339.333 
   448 293.067 
   447 246.8 
   429 200.533 
   383.267 167 
}
