n_points:  44
{
   394 97 
   354.619 108 
   316 134.762 
   280.857 174.143 
   247.476 213.524 
   223.095 252.905 
   205.714 292.286 
   192.333 331.667 
   181.952 371.048 
   173 410.429 
   168.19 449.81 
   164 489.19 
   160 528.571 
   156 567.952 
   150 607.333 
   147 646.714 
   144 686.095 
   139 725.476 
   138 764.857 
   141 804.238 
   146 843.619 
   159 883 
   179 845.75 
   209.5 808.5 
   246.75 780.25 
   284 763 
   321.25 752.75 
   358.5 744 
   395.75 739 
   433 746 
   415 700.533 
   410 655.067 
   414.4 609.6 
   434 564.133 
   448 518.667 
   455 473.2 
   459 427.733 
   463 382.267 
   470 336.8 
   475 291.333 
   475 245.867 
   471 200.4 
   467 154.933 
   439.467 109.467 
}
