n_points:  44
{
   353 54 
   311.905 62 
   270.81 91.1905 
   229.714 127.286 
   193.619 166.381 
   172 207.476 
   153.429 248.571 
   139.333 289.667 
   129 330.762 
   122 371.857 
   112 412.952 
   107 454.048 
   99 495.143 
   89.7619 536.238 
   78.6667 577.333 
   65 618.429 
   54 659.524 
   43.381 700.619 
   34.2857 741.714 
   27.1905 782.81 
   26 823.905 
   31 865 
   56.25 820.75 
   81.5 776.5 
   120.75 734 
   165 711 
   209.25 696 
   253.5 687 
   297.75 690 
   342 703 
   331 657.467 
   318 611.933 
   319 566.4 
   343 520.867 
   367 475.333 
   378 429.8 
   388 384.267 
   416.267 338.733 
   443 293.2 
   459 247.667 
   466 202.133 
   462 156.6 
   444 111.067 
   398.533 68.5333 
}
