n_points:  44
{
   412 97 
   375.81 101.19 
   339.619 119.381 
   303.429 145 
   272 176.762 
   250 212.952 
   234 249.143 
   220 285.333 
   215 321.524 
   211 357.714 
   210 393.905 
   211 430.095 
   211 466.286 
   210 502.476 
   208 538.667 
   205 574.857 
   199 611.048 
   191 647.238 
   179.571 683.429 
   169 719.619 
   162 755.81 
   169 792 
   192.625 759.375 
   224.25 726.75 
   256.875 699 
   289.5 681 
   322.125 670 
   354.75 659 
   387.375 648 
   420 640 
   426 600.733 
   431 561.467 
   442.8 522.2 
   462.067 482.933 
   470 443.667 
   475 404.4 
   482 365.133 
   493 325.867 
   498.4 286.6 
   504 247.333 
   506 208.067 
   501.8 168.8 
   490.533 129.533 
   451.267 102 
}
