n_points:  44
{
   340 74 
   297.19 87 
   254.381 105.619 
   211.571 132 
   170.762 170.238 
   141.952 213.048 
   122 255.857 
   112 298.667 
   101 341.476 
   90 384.286 
   83.9048 427.095 
   75 469.905 
   71 512.714 
   69 555.524 
   65 598.333 
   59 641.143 
   52.0476 683.952 
   46 726.762 
   44 769.571 
   44 812.381 
   43 855.19 
   48 898 
   78 856 
   120 817 
   162 786 
   204 770 
   246 759 
   288 748 
   330 735 
   372 716 
   351 670.533 
   338.067 625.067 
   330 579.6 
   330 534.133 
   346.333 488.667 
   371 443.2 
   393 397.733 
   404 352.267 
   413.2 306.8 
   419 261.333 
   423 215.867 
   424 170.4 
   415 124.933 
   385.467 84.4667 
}
