n_points:  44
{
   359 0 
   317.667 10 
   276.333 34.6667 
   235 70 
   204.667 111.333 
   187 152.667 
   175 194 
   165 235.333 
   161 276.667 
   160 318 
   158 359.333 
   154 400.667 
   149 442 
   144.667 483.333 
   141 524.667 
   139 566 
   138 607.333 
   132 648.667 
   121 690 
   122 731.333 
   130 772.667 
   142 814 
   166 774 
   181 734 
   208 697 
   248 669 
   288 650 
   328 645 
   368 649 
   408 637 
   409.2 591.2 
   400 545.4 
   400 499.6 
   408 453.8 
   408 408 
   412 362.2 
   424 316.4 
   436 270.6 
   450.2 224.8 
   461 179 
   463 133.2 
   459 87.4 
   443.6 41.6 
   404.8 9 
}
