n_points:  44
{
   412 54 
   369.238 64 
   326.476 82.5238 
   283.714 115.286 
   240.952 156.048 
   215 198.81 
   200 241.571 
   187.667 284.333 
   180 327.095 
   175 369.857 
   171 412.619 
   169 455.381 
   166 498.143 
   164 540.905 
   162 583.667 
   160 626.429 
   158.81 669.19 
   157 711.952 
   152 754.714 
   156 797.476 
   169 840.238 
   185 883 
   199.625 838.375 
   221.25 793.75 
   262.875 759.125 
   307.5 742 
   352.125 738 
   396.75 739 
   441.375 725.625 
   478 690 
   458.4 644.4 
   439 598.8 
   443 553.2 
   455.4 507.6 
   472 462 
   481 416.4 
   486 370.8 
   491 325.2 
   500 279.6 
   508 234 
   510 188.4 
   509 142.8 
   495 97.2 
   457.6 61.6 
}
