n_points:  44
{
   344 118 
   313.095 123 
   282.19 133 
   251.286 146.714 
   222 174.619 
   206 205.524 
   193.571 236.429 
   183 267.333 
   175.762 298.238 
   169 329.143 
   165 360.048 
   164 390.952 
   165 421.857 
   165 452.762 
   163.333 483.667 
   161 514.571 
   157 545.476 
   150 576.381 
   142 607.286 
   134 638.19 
   127 669.095 
   118 700 
   146.875 667.125 
   176.75 634.25 
   209.625 610.375 
   242.5 598 
   275.375 592 
   308.25 594 
   341.125 601 
   374 612 
   399.8 575.2 
   399 538.4 
   393 501.6 
   396 464.8 
   403 428 
   417 391.2 
   432 354.4 
   443 317.6 
   446 280.8 
   445 244 
   443 207.2 
   440 170.4 
   417.6 137 
   380.8 125 
}
