n_points:  44
{
   388 88 
   347.762 95.2381 
   307.524 117.476 
   270.286 154.714 
   231.048 194.952 
   202.81 235.19 
   184 275.429 
   167 315.667 
   150 355.905 
   134.857 396.143 
   124 436.381 
   116 476.619 
   107 516.857 
   97 557.095 
   88 597.333 
   80 637.571 
   73 677.81 
   63.9524 718.048 
   56 758.286 
   58 798.524 
   65 838.762 
   74 879 
   98.375 827.625 
   128.75 776.25 
   171.125 724.875 
   220.5 678.5 
   271.875 654 
   323.25 648.75 
   374.625 645 
   419 619 
   407.2 581.2 
   400 543.4 
   407 505.6 
   422.2 467.8 
   433 430 
   444 392.2 
   456 354.4 
   465 316.6 
   471 278.8 
   477 241 
   480 203.2 
   474 165.4 
   458 127.6 
   425.8 98 
}
