n_points:  44
{
   319 50 
   283.381 59.619 
   247.762 82.2381 
   215.143 117.857 
   191 153.476 
   179 189.095 
   175 224.714 
   170 260.333 
   166.048 295.952 
   166 331.571 
   163 367.19 
   163 402.81 
   160.571 438.429 
   157 474.048 
   155 509.667 
   152 545.286 
   147 580.905 
   138.476 616.524 
   133 652.143 
   131.238 687.762 
   131.381 723.381 
   136 759 
   160 737.375 
   182.25 712.75 
   206.875 689.125 
   231.5 670.5 
   256.125 659 
   280.75 646.25 
   305.375 626.625 
   328 606 
   337.267 565.733 
   350 525.467 
   365 485.2 
   377 444.933 
   382 404.667 
   392 364.4 
   401 324.133 
   413 283.867 
   418 243.6 
   419 203.333 
   414 163.067 
   407 122.8 
   394 82.5333 
   359.267 53 
}
