n_points:  44
{
   402 92 
   366.905 99 
   331.81 114.19 
   296.714 145.286 
   263.619 179.381 
   234.524 212.476 
   218.429 247.571 
   206 282.667 
   193.238 317.762 
   181 352.857 
   174 387.952 
   166.952 423.048 
   160 458.143 
   158 493.238 
   152.667 528.333 
   147 563.429 
   137 598.524 
   129 633.619 
   123 668.714 
   121 703.81 
   124 738.905 
   135 774 
   158 741 
   190 709 
   223 685 
   256 670 
   289 664 
   322 661 
   355 656 
   388 653 
   383.667 613.667 
   380.667 574.333 
   390 535 
   410 495.667 
   428 456.333 
   440 417 
   445 377.667 
   453 338.333 
   468 299 
   476 259.667 
   480.667 220.333 
   483 181 
   467.667 141.667 
   441.333 106.333 
}
