n_points:  44
{
   370 52 
   331.762 59 
   293.524 77.4762 
   255.286 111.714 
   220.048 147.952 
   199.81 186.19 
   187 224.429 
   180 262.667 
   173.095 300.905 
   165 339.143 
   157 377.381 
   152 415.619 
   146 453.857 
   136.905 492.095 
   124 530.333 
   114 568.571 
   107 606.81 
   96.9524 645.048 
   91 683.286 
   96.5238 721.524 
   105 759.762 
   106 798 
   122 755.125 
   149.75 712.25 
   192.625 681.375 
   235.5 668 
   278.375 663 
   321.25 663.25 
   364.125 671 
   407 663 
   403 619.533 
   394 576.067 
   401 532.6 
   415 489.133 
   435.333 445.667 
   439 402.2 
   440 358.733 
   449 315.267 
   458 271.8 
   467 228.333 
   469 184.867 
   466 141.4 
   449 97.9333 
   413.467 62 
}
