n_points:  44
{
   403 51 
   364.333 62 
   325.667 82.3333 
   287 107 
   251.333 139.667 
   224.667 178.333 
   208 217 
   195 255.667 
   183 294.333 
   173 333 
   168 371.667 
   163 410.333 
   161 449 
   161 487.667 
   159 526.333 
   152 565 
   140 603.667 
   119.667 642.333 
   110 681 
   107 719.667 
   108 758.333 
   117 797 
   144.375 762.625 
   178.75 730.25 
   211.125 697.875 
   245.5 677 
   279.875 664 
   314.25 655 
   348.625 646 
   383 635 
   384 593.8 
   397.4 552.6 
   411.6 511.4 
   429 470.2 
   446 429 
   452 387.8 
   465 346.6 
   480 305.4 
   493 264.2 
   496 223 
   499 181.8 
   495 140.6 
   479.4 99.4 
   444.2 65.2 
}
