n_points:  44
{
   359 114 
   316.952 119.048 
   274.905 140.095 
   232.857 170.143 
   192.81 210.19 
   168 252.238 
   157 294.286 
   145 336.333 
   136 378.381 
   131 420.429 
   127.524 462.476 
   126 504.524 
   124 546.571 
   122 588.619 
   119 630.667 
   117 672.714 
   113 714.762 
   107.19 756.81 
   104.143 798.857 
   103 840.905 
   104 882.952 
   113 925 
   129.625 883.375 
   155.25 841.75 
   196.875 805.125 
   238.5 779.5 
   280.125 763 
   321.75 757 
   363.375 755 
   405 744 
   398 697.533 
   387 651.067 
   384 604.6 
   402.867 558.133 
   424 511.667 
   428.8 465.2 
   442.267 418.733 
   462 372.267 
   469 325.8 
   474 279.333 
   479 232.867 
   473 186.4 
   451 139.933 
   405.467 121 
}
