n_points:  44
{
   364 43 
   323.095 56 
   282.19 72.8095 
   241.286 101.714 
   206 141.619 
   185 182.524 
   170 223.429 
   163 264.333 
   158 305.238 
   155 346.143 
   156 387.048 
   161 427.952 
   164 468.857 
   159 509.762 
   153 550.667 
   145.429 591.571 
   134 632.476 
   125 673.381 
   119 714.286 
   119 755.19 
   122 796.095 
   125 837 
   150 793.875 
   186.25 755.75 
   229.375 738 
   272.5 726 
   315.625 721 
   358.75 728 
   401.875 737.875 
   445 748 
   430.467 697.467 
   421 646.933 
   424.6 596.4 
   433 545.867 
   424 495.333 
   422 444.8 
   437 394.267 
   456.267 343.733 
   472 293.2 
   482 242.667 
   481 192.133 
   475 141.6 
   461 91.0667 
   414.533 52.5333 
}
