n_points:  44
{
   394 104 
   350.048 113 
   310 144.905 
   266.143 183.857 
   247.19 227.81 
   239 271.762 
   232 315.714 
   226 359.667 
   219 403.619 
   214 447.571 
   211 491.524 
   209 535.476 
   203 579.429 
   198 623.381 
   193 667.333 
   186 711.286 
   180 755.238 
   178 799.19 
   179 843.143 
   183 887.095 
   189 931.048 
   212 975 
   216 933.125 
   231 891.25 
   257.625 849.375 
   299.5 817.5 
   341.375 799 
   383.25 782.75 
   425.125 773 
   467 764 
   463 716.133 
   458 668.267 
   455 620.4 
   460 572.533 
   470 524.667 
   480 476.8 
   486 428.933 
   489 381.067 
   490 333.2 
   490 285.333 
   496 237.467 
   496 189.6 
   484 141.733 
   441.867 109.867 
}
