n_points:  44
{
   400 75 
   359.286 80.7143 
   318.571 96 
   277.857 131.143 
   239.143 171.857 
   214.429 212.571 
   200 253.286 
   185 294 
   177 334.714 
   174 375.429 
   172 416.143 
   169 456.857 
   161 497.571 
   151 538.286 
   140 579 
   135 619.714 
   131 660.429 
   123.857 701.143 
   113 741.857 
   107 782.571 
   107 823.286 
   111 864 
   143.5 824.5 
   179 787 
   218.5 766 
   258 752 
   297.5 744 
   337 744 
   376.5 745 
   416 743 
   404 695.933 
   394 648.867 
   406 601.8 
   432 554.733 
   449 507.667 
   458 460.6 
   468 413.533 
   491.533 366.467 
   502 319.4 
   510 272.333 
   512 225.267 
   504 178.2 
   484.133 131.133 
   447.067 89.0667 
}
