n_points:  44
{
   424 87 
   385.143 98.8571 
   346.286 124.714 
   307.429 157.571 
   271.571 190.429 
   240.714 229.286 
   217 268.143 
   204 307 
   197 345.857 
   193 384.714 
   190 423.571 
   192 462.429 
   194 501.286 
   192.857 540.143 
   192 579 
   195 617.857 
   194.286 656.714 
   191 695.571 
   186 734.429 
   181 773.286 
   180 812.143 
   184 851 
   210 812 
   234 773 
   270 734 
   307 711 
   346 696 
   385 688 
   424 692 
   463 688 
   458 646.667 
   461 605.333 
   466 564 
   467.667 522.667 
   463 481.333 
   460 440 
   459.333 398.667 
   474.667 357.333 
   486 316 
   489 274.667 
   489 233.333 
   486 192 
   482 150.667 
   465.333 110.333 
}
