n_points:  44
{
   421 51 
   374.143 66 
   327.286 90.7143 
   281.429 134.571 
   244 181.429 
   219 228.286 
   201 275.143 
   187 322 
   174 368.857 
   161 415.714 
   150 462.571 
   141.571 509.429 
   134 556.286 
   126.857 603.143 
   119 650 
   112 696.857 
   108 743.714 
   107 790.571 
   110 837.429 
   115 884.286 
   126 931.143 
   152 978 
   162 933.75 
   183.5 889.5 
   224.75 850.25 
   269 826 
   313.25 807.75 
   357.5 786.5 
   401.75 773 
   446 762 
   453 712.667 
   457.667 663.333 
   462 614 
   465 564.667 
   466 515.333 
   469 466 
   474 416.667 
   479 367.333 
   485 318 
   492 268.667 
   498.667 219.333 
   501 170 
   494 120.667 
   470.333 71.3334 
}
