n_points:  44
{
   349 96 
   315.667 97 
   282.333 105.667 
   249 126 
   215.667 153 
   184.333 184.667 
   159 218 
   136.667 251.333 
   121 284.667 
   110 318 
   99.6667 351.333 
   89 384.667 
   79 418 
   71 451.333 
   63 484.667 
   55 518 
   48.6667 551.333 
   43 584.667 
   38 618 
   34.6667 651.333 
   35 684.667 
   36 718 
   71.25 698 
   106.5 684 
   141.75 675.25 
   177 666 
   212.25 671 
   247.5 688.5 
   282.75 711.75 
   318 738 
   321 692.933 
   320 647.867 
   328.2 602.8 
   352 557.733 
   367 512.667 
   375.4 467.6 
   385.467 422.533 
   395 377.467 
   398 332.4 
   406.667 287.333 
   413.733 242.267 
   419 197.2 
   420 152.133 
   394.067 109 
}
