n_points:  44
{
   382 63 
   346.81 74.1905 
   311.619 93.381 
   276.429 116.571 
   245 151.762 
   220.048 186.952 
   199 222.143 
   183 257.333 
   170.476 292.524 
   160 327.714 
   149 362.905 
   138 398.095 
   130 433.286 
   127 468.476 
   124 503.667 
   120 538.857 
   115 574.048 
   110 609.238 
   103.571 644.429 
   94 679.619 
   92 714.81 
   94 750 
   122.125 716.875 
   154.25 685 
   187.375 664.625 
   220.5 651.5 
   253.625 641 
   286.75 640 
   319.875 639 
   353 637 
   356 597.533 
   357 558.067 
   370.4 518.6 
   379 479.133 
   381 439.667 
   383 400.2 
   390 360.733 
   407.733 321.267 
   433.2 281.8 
   441 242.333 
   445 202.867 
   445 163.4 
   437.933 123.933 
   417.467 84.4667 
}
