n_points:  44
{
   384 40 
   340.857 54 
   297.714 78 
   254.571 110.429 
   217.429 152.571 
   189 195.714 
   171.143 238.857 
   157 282 
   151 325.143 
   146 368.286 
   143 411.429 
   140 454.571 
   137 497.714 
   133 540.857 
   125 584 
   112.857 627.143 
   98 670.286 
   86.5714 713.429 
   81 756.571 
   85 799.714 
   92 842.857 
   96 886 
   108 843.25 
   140.5 800.5 
   182.25 768.75 
   225 737 
   267.75 722.25 
   310.5 710 
   353.25 701 
   396 688 
   397 642.667 
   396 597.333 
   403 552 
   417 506.667 
   434.667 461.333 
   444 416 
   449 370.667 
   451 325.333 
   456 280 
   462 234.667 
   469 189.333 
   469 144 
   460 98.6666 
   429.333 56.3334 
}
