n_points:  44
{
   388 67 
   349.952 77 
   311.905 94.0952 
   274.857 122.143 
   247 160.19 
   235 198.238 
   232 236.286 
   231 274.333 
   228 312.381 
   225 350.429 
   221.524 388.476 
   216 426.524 
   209 464.571 
   201 502.619 
   193 540.667 
   181 578.714 
   164.238 616.762 
   148.19 654.81 
   138 692.857 
   132 730.905 
   131 768.952 
   131 807 
   154.125 769.875 
   190.25 734.75 
   225.375 702.625 
   262.5 675 
   299.625 662 
   336.75 660 
   373.875 652.125 
   411 628 
   415 588.2 
   419 548.4 
   419 508.6 
   416 468.8 
   411 429 
   418 389.2 
   430 349.4 
   456.4 309.6 
   476.2 269.8 
   482 230 
   484 190.2 
   477 150.4 
   463.6 110.6 
   427.8 77 
}
