n_points:  44
{
   378 38 
   333.524 46 
   289.048 65 
   244.571 92.4286 
   207 135.905 
   183 180.381 
   170 224.857 
   163 269.333 
   159 313.81 
   152 358.286 
   147 402.762 
   141 447.238 
   135 491.714 
   132 536.19 
   126 580.667 
   118.857 625.143 
   108 669.619 
   105 714.095 
   101.429 758.571 
   95 803.048 
   100 847.524 
   119 892 
   157.375 856.625 
   193.75 820.25 
   232.125 804.875 
   270.5 798 
   308.875 790 
   347.25 774.75 
   385.625 754 
   424 745 
   419 695.533 
   414 646.067 
   414 596.6 
   426 547.133 
   437 497.667 
   442 448.2 
   451 398.733 
   458.733 349.267 
   461 299.8 
   461 250.333 
   461 200.867 
   458 151.4 
   452 101.933 
   427.467 56.4667 
}
