n_points:  44
{
   334 93 
   295.286 102.714 
   256.571 121 
   217.857 146.143 
   180.143 181.857 
   159 220.571 
   144 259.286 
   136 298 
   131 336.714 
   125 375.429 
   123 414.143 
   116 452.857 
   108 491.571 
   101.714 530.286 
   89 569 
   77.2857 607.714 
   68 646.429 
   57.8571 685.143 
   44 723.857 
   32 762.571 
   24 801.286 
   20 840 
   44 805.875 
   73.25 772.75 
   107.375 750.625 
   141.5 738 
   175.625 734 
   209.75 736.75 
   243.875 742.875 
   278 750 
   296.333 702.667 
   308 655.333 
   329 608 
   350 560.667 
   360.667 513.333 
   369 466 
   388 418.667 
   408.667 371.333 
   427 324 
   434 276.667 
   438 229.333 
   439 182 
   423.667 134.667 
   381.333 102 
}
