n_points:  44
{
   356 79 
   322.524 92.4762 
   293.048 126.952 
   264.571 160.429 
   236.095 194.905 
   213.619 229.381 
   198.143 263.857 
   184.667 298.333 
   172 332.81 
   163 367.286 
   159 401.762 
   155 436.238 
   152.286 470.714 
   152 505.19 
   150 539.667 
   146 574.143 
   142 608.619 
   139 643.095 
   137 677.571 
   135 712.048 
   133 746.524 
   136 781 
   146 748.25 
   170.5 716.5 
   203.25 700 
   236 690 
   268.75 683 
   301.5 679 
   334.25 678 
   367 671 
   348.6 629.6 
   351 588.2 
   363 546.8 
   375.6 505.4 
   384 464 
   376 422.6 
   378 381.2 
   381.2 339.8 
   392 298.4 
   407 257 
   417 215.6 
   419 174.2 
   418 132.8 
   397.4 92.4 
}
