n_points:  44
{
   360 90 
   319.952 101.048 
   279.905 123 
   239.857 151.143 
   204 188.19 
   177 228.238 
   164.714 268.286 
   159 308.333 
   156 348.381 
   154 388.429 
   154 428.476 
   154 468.524 
   154 508.571 
   153 548.619 
   153.667 588.667 
   153 628.714 
   151 668.762 
   151 708.81 
   152 748.857 
   160 788.905 
   170 828.952 
   181 869 
   192.75 830.25 
   213 791.5 
   238.25 752.75 
   276 722 
   314.75 700.25 
   353.5 687 
   392.25 691 
   431 697 
   440 654.6 
   428 612.2 
   422 569.8 
   423 527.4 
   423 485 
   423 442.6 
   424 400.2 
   433 357.8 
   440 315.4 
   446 273 
   447 230.6 
   444 188.2 
   430.8 145.8 
   402.4 104.4 
}
