n_points:  44
{
   364 56 
   323.476 61 
   282.952 81.0476 
   247.429 120.571 
   222 161.095 
   208 201.619 
   204 242.143 
   199 282.667 
   193 323.19 
   189 363.714 
   186 404.238 
   182 444.762 
   180 485.286 
   176 525.81 
   171 566.333 
   167 606.857 
   162 647.381 
   158 687.905 
   155 728.429 
   158 768.952 
   166 809.476 
   182 850 
   207.25 821.75 
   232.5 793.5 
   259.75 770.25 
   288 751 
   316.25 734.75 
   344.5 728 
   372.75 730 
   401 735 
   396.667 686.667 
   396 638.333 
   398 590 
   407 541.667 
   415 493.333 
   415 445 
   424 396.667 
   430 348.333 
   435 300 
   439 251.667 
   440 203.333 
   441 155 
   441 106.667 
   412.333 66.3334 
}
