n_points:  44
{
   370 73 
   327.905 79.0952 
   285.81 100.19 
   246.714 137.286 
   208.619 178.381 
   180.524 220.476 
   166.429 262.571 
   159 304.667 
   152 346.762 
   148 388.857 
   147 430.952 
   144 473.048 
   140.857 515.143 
   138 557.238 
   134 599.333 
   130 641.429 
   126 683.524 
   119 725.619 
   114 767.714 
   111 809.81 
   108 851.905 
   116 894 
   131.375 850.625 
   158.75 807.25 
   196.125 766.875 
   239.5 737 
   282.875 718 
   326.25 710 
   369.625 715 
   413 727 
   397.467 680.467 
   391 633.933 
   393 587.4 
   401.133 540.867 
   421.667 494.333 
   437.2 447.8 
   448 401.267 
   456 354.733 
   463 308.2 
   469 261.667 
   467 215.133 
   466 168.6 
   455.067 122.067 
   416.533 83 
}
