n_points:  44
{
   356 161 
   318.619 167 
   281.238 175.762 
   243.857 194.143 
   206.476 223.524 
   178 259.905 
   163 297.286 
   155 334.667 
   150.952 372.048 
   145 409.429 
   138.19 446.81 
   131 484.19 
   124 521.571 
   114 558.952 
   108 596.333 
   104 633.714 
   98 671.095 
   90 708.476 
   81 745.857 
   67.7619 783.238 
   65 820.619 
   63 858 
   94 811.375 
   121.25 764.75 
   165.875 727 
   212.5 708 
   259.125 695.875 
   305.75 696.75 
   352.375 715 
   399 713 
   396 673.533 
   399 634.067 
   411 594.6 
   419 555.133 
   424 515.667 
   431 476.2 
   437 436.733 
   440.733 397.267 
   447 357.8 
   453 318.333 
   451 278.867 
   443.4 239.4 
   429 199.933 
   395.467 171 
}
