n_points:  44
{
   387 110 
   343.667 121.333 
   300.333 141.667 
   257 181 
   221 224.333 
   193.333 267.667 
   178 311 
   170 354.333 
   155.333 397.667 
   149 441 
   141.667 484.333 
   137 527.667 
   135 571 
   133 614.333 
   131 657.667 
   127 701 
   117 744.333 
   110 787.667 
   108 831 
   109 874.333 
   112 917.667 
   121 961 
   140.125 916.875 
   171.25 872.75 
   215.375 831 
   259.5 803.5 
   303.625 787 
   347.75 770 
   391.875 772 
   436 773 
   418.667 726.667 
   411 680.333 
   407 634 
   410 587.667 
   426 541.333 
   439 495 
   444 448.667 
   449 402.333 
   453 356 
   463 309.667 
   470 263.333 
   471 217 
   462.667 170.667 
   433.333 125.333 
}
