n_points:  44
{
   376 121 
   333.238 130 
   290.476 151 
   247.714 190.286 
   209.952 231.048 
   186 273.81 
   170 316.571 
   158 359.333 
   147 402.095 
   137.143 444.857 
   135 487.619 
   134 530.381 
   132 573.143 
   127.095 615.905 
   120.333 658.667 
   112.571 701.429 
   107 744.19 
   101 786.952 
   98 829.714 
   97 872.476 
   95 915.238 
   102 958 
   119 915.625 
   142.75 873.25 
   185.125 833.875 
   227.5 806.5 
   269.875 796 
   312.25 790.75 
   354.625 797 
   397 798 
   401 750.6 
   394 703.2 
   395 655.8 
   405.6 608.4 
   409 561 
   413.4 513.6 
   415 466.2 
   432 418.8 
   465 371.4 
   488 324 
   491 276.6 
   485.2 229.2 
   463.8 181.8 
   423.4 135.4 
}
