n_points:  44
{
   372 103 
   329.429 110 
   286.857 126.143 
   244.286 155.714 
   209.714 195.286 
   174 233.857 
   155.571 276.429 
   140 319 
   127.429 361.571 
   119 404.143 
   113 446.714 
   105.714 489.286 
   99.1429 531.857 
   96 574.429 
   91 617 
   81 659.571 
   70 702.143 
   57.2857 744.714 
   47 787.286 
   41.1429 829.857 
   40 872.429 
   38 915 
   65.25 871.75 
   101.5 828.5 
   144.75 799 
   188 771 
   231.25 748.75 
   274.5 738.5 
   317.75 738 
   361 729 
   362 684.867 
   360 640.733 
   364 596.6 
   377 552.467 
   403 508.333 
   421.8 464.2 
   435.933 420.067 
   443.067 375.933 
   448 331.8 
   455 287.667 
   459 243.533 
   462 199.4 
   455 155.267 
   416.133 118.133 
}
