n_points:  44
{
   391 85 
   359.667 91.3333 
   328.333 104.667 
   297 127 
   266 153.333 
   245.333 184.667 
   228 216 
   213.667 247.333 
   205 278.667 
   197 310 
   189 341.333 
   182 372.667 
   176 404 
   171 435.333 
   166.333 466.667 
   162 498 
   158 529.333 
   154 560.667 
   147 592 
   142 623.333 
   142 654.667 
   142 686 
   168.875 655.125 
   199.75 632 
   230.625 615.375 
   261.5 606 
   292.375 604 
   323.25 602 
   354.125 598 
   385 586 
   401 551.4 
   409 516.8 
   416 482.2 
   425 447.6 
   427 413 
   430 378.4 
   437 343.8 
   444 309.2 
   451.4 274.6 
   461 240 
   466 205.4 
   465 170.8 
   454 136.2 
   425.6 102 
}
