n_points:  44
{
   326 70 
   282.19 85.8095 
   239 117.619 
   202.571 161.429 
   176 205.238 
   155 249.048 
   136 292.857 
   128.333 336.667 
   119.524 380.476 
   114 424.286 
   110 468.095 
   104 511.905 
   97 555.714 
   91 599.524 
   82 643.333 
   69.8571 687.143 
   54 730.952 
   41 774.762 
   39 818.571 
   40 862.381 
   37 906.19 
   37 950 
   63.375 902.625 
   92.75 855.25 
   140.125 813.875 
   187.5 794 
   234.875 790 
   282.25 794.25 
   329.625 802 
   377 811 
   364 758.467 
   359 705.933 
   363 653.4 
   375 600.867 
   385 548.333 
   397 495.8 
   408 443.267 
   418 390.733 
   424.8 338.2 
   432 285.667 
   435 233.133 
   432 180.6 
   415.067 128.067 
   378.533 82.5333 
}
