n_points:  44
{
   388 65 
   342.571 82 
   297.143 106 
   251.714 148.286 
   210.286 193.714 
   189 239.143 
   176 284.571 
   163 330 
   153 375.429 
   145 420.857 
   141 466.286 
   139 511.714 
   136 557.143 
   128.429 602.571 
   120 648 
   113 693.429 
   109 738.857 
   109.286 784.286 
   114 829.714 
   119.143 875.143 
   136.571 920.571 
   162 966 
   170 916.5 
   178 867 
   204.5 817.5 
   254 772 
   303.5 738.5 
   353 726 
   402.5 727 
   452 736 
   429.267 689.267 
   415 642.533 
   407 595.8 
   415.933 549.067 
   430 502.333 
   434 455.6 
   435 408.867 
   447.867 362.133 
   463 315.4 
   468 268.667 
   469 221.933 
   467.2 175.2 
   457 128.467 
   433.733 81.7333 
}
