n_points:  44
{
   368 68 
   326.048 71 
   284.095 85.9048 
   248.143 121.857 
   224 163.81 
   203 205.762 
   187 247.714 
   182 289.667 
   180 331.619 
   177 373.571 
   178 415.524 
   177 457.476 
   172 499.429 
   165 541.381 
   156 583.333 
   144 625.286 
   131 667.238 
   123 709.19 
   113 751.143 
   104 793.095 
   100 835.048 
   102 877 
   119 835.25 
   142.5 793.5 
   184.25 760 
   226 736 
   267.75 723 
   309.5 715 
   351.25 698 
   393 670 
   400 627.267 
   407 584.533 
   421 541.8 
   432.933 499.067 
   441 456.333 
   447 413.6 
   454 370.867 
   463 328.133 
   468 285.4 
   476 242.667 
   480 199.933 
   472 157.2 
   451.467 114.467 
   410.733 80.7333 
}
