n_points:  44
{
   385 77 
   341.19 82 
   297.381 101 
   253.571 139.429 
   210.762 174.238 
   180.952 218.048 
   164 261.857 
   147 305.667 
   141 349.476 
   128 393.286 
   124 437.095 
   117.095 480.905 
   114 524.714 
   111 568.524 
   107 612.333 
   105 656.143 
   105 699.952 
   102 743.762 
   101 787.571 
   106 831.381 
   111 875.19 
   119 919 
   132.875 876.125 
   156.75 833.25 
   193.625 790.375 
   236.5 767 
   279.375 749 
   322.25 739.75 
   365.125 724.875 
   408 704 
   405 659.133 
   391.267 614.267 
   393 569.4 
   409 524.533 
   430.333 479.667 
   433.2 434.8 
   438 389.933 
   444 345.067 
   461 300.2 
   467 255.333 
   470 210.467 
   470 165.6 
   467 120.733 
   429.867 85 
}
