n_points:  44
{
   390 82 
   351.143 89.8571 
   312.286 110.714 
   273.429 138.571 
   234.571 167.429 
   200.714 206.286 
   172.857 245.143 
   156 284 
   140 322.857 
   130.286 361.714 
   120 400.571 
   111 439.429 
   104 478.286 
   97 517.143 
   87 556 
   73.1429 594.857 
   64 633.714 
   48.4286 672.571 
   28 711.429 
   15 750.286 
   6 789.143 
   6 828 
   42 783.625 
   83.75 745.25 
   128.125 727.875 
   172.5 713.5 
   216.875 710 
   261.25 717 
   305.625 729 
   350 739 
   353 693.2 
   365.6 647.4 
   386 601.6 
   398 555.8 
   398 510 
   408.8 464.2 
   427.6 418.4 
   445 372.6 
   455 326.8 
   460 281 
   463 235.2 
   466 189.4 
   461.6 143.6 
   435.8 97.8 
}
