n_points:  44
{
   380 69 
   339.952 79 
   299.905 99 
   259.857 129.143 
   222.81 166.19 
   203 206.238 
   187 246.286 
   175 286.333 
   167 326.381 
   160 366.429 
   152.524 406.476 
   144 446.524 
   136 486.571 
   127 526.619 
   118 566.667 
   104.286 606.714 
   89 646.762 
   81 686.81 
   78 726.857 
   74 766.905 
   74 806.952 
   88 847 
   120.375 804.625 
   154 762.25 
   195.125 735 
   237.5 716 
   279.875 705 
   322.25 705 
   364.625 713 
   407 715 
   388 669.533 
   382 624.067 
   389 578.6 
   408.867 533.133 
   423 487.667 
   431 442.2 
   440 396.733 
   446 351.267 
   454 305.8 
   465 260.333 
   473.133 214.867 
   476 169.4 
   460 123.933 
   425.467 81 
}
