n_points:  44
{
   337 53 
   291.476 71 
   245.952 100.048 
   202.429 145.571 
   176 191.095 
   152.381 236.619 
   142 282.143 
   139.333 327.667 
   136 373.19 
   133 418.714 
   133 464.238 
   133 509.762 
   130 555.286 
   129 600.81 
   125 646.333 
   122 691.857 
   120 737.381 
   118 782.905 
   119 828.429 
   130.952 873.952 
   145 919.476 
   162 965 
   178 923.875 
   206.25 882.75 
   239.375 843.625 
   280.5 817.5 
   321.625 797 
   362.75 783 
   403.875 774 
   445 773 
   433 720.067 
   425 667.133 
   431 614.2 
   440 561.267 
   446 508.333 
   446 455.4 
   446 402.467 
   445 349.533 
   450 296.6 
   453 243.667 
   458 190.733 
   454 137.8 
   435.867 84.8667 
   389.933 51 
}
