n_points:  44
{
   350 88 
   311.667 94 
   273.333 120.667 
   237 159 
   203 197.333 
   181 235.667 
   165 274 
   155 312.333 
   152.333 350.667 
   149 389 
   146 427.333 
   143 465.667 
   142 504 
   145 542.333 
   142 580.667 
   138 619 
   132 657.333 
   126 695.667 
   116 734 
   113 772.333 
   111 810.667 
   119 849 
   153 810.25 
   191.5 779 
   230.25 753 
   269 739 
   307.75 730 
   346.5 726 
   385.25 722 
   424 720 
   419 674.933 
   421 629.867 
   427 584.8 
   429 539.733 
   437.333 494.667 
   433 449.6 
   435 404.533 
   440 359.467 
   446 314.4 
   451 269.333 
   452 224.267 
   450 179.2 
   433 134.133 
   395.067 94 
}
