n_points:  44
{
   420 99 
   376.952 114 
   333.905 136.095 
   290.857 169.143 
   260.81 212.19 
   234 255.238 
   218 298.286 
   208 341.333 
   199.619 384.381 
   193 427.429 
   191 470.476 
   190 513.524 
   185 556.571 
   174 599.619 
   159 642.667 
   145 685.714 
   135 728.762 
   130 771.81 
   129 814.857 
   129 857.905 
   129 900.952 
   134 944 
   148.75 900.25 
   170.5 856.5 
   204.25 812.75 
   243 770 
   286.75 737 
   330.5 716 
   374.25 709 
   418 704 
   410 661.2 
   404 618.4 
   405 575.6 
   408 532.8 
   405 490 
   408 447.2 
   428.6 404.4 
   470.4 367.6 
   500.2 324.8 
   511 282 
   510 239.2 
   504.4 196.4 
   492 153.6 
   462.8 113.8 
}
