n_points:  44
{
   373 133 
   336.333 141 
   299.667 156 
   263 181 
   227.333 211.667 
   201 248.333 
   181 285 
   164 321.667 
   153 358.333 
   142 395 
   134.333 431.667 
   130 468.333 
   131 505 
   129 541.667 
   126 578.333 
   123 615 
   117 651.667 
   111 688.333 
   113 725 
   111 761.667 
   107 798.333 
   111 835 
   124.375 794.625 
   147.75 754.25 
   185.125 713.875 
   225.5 683 
   265.875 662 
   306.25 654 
   346.625 646 
   387 630 
   389 594.933 
   403 559.867 
   422 524.8 
   437 489.733 
   443 454.667 
   451 419.6 
   458 384.533 
   463 349.467 
   463 314.4 
   463 279.333 
   463 244.267 
   460 209.2 
   442.133 174.133 
   408.067 145.067 
}
