n_points:  44
{
   372 42 
   328 52 
   284 75 
   241 106 
   205 150 
   181 194 
   165 238 
   150 282 
   142 326 
   134 370 
   128 414 
   126 458 
   126 502 
   124 546 
   118 590 
   112 634 
   106 678 
   105 722 
   107 766 
   110 810 
   115 854 
   132 898 
   143.5 860.5 
   168 823 
   204.5 791.5 
   242 767 
   279.5 754 
   317 746 
   354.5 733 
   392 716 
   396 667.867 
   394 619.733 
   384 571.6 
   393 523.467 
   417 475.333 
   432 427.2 
   441 379.067 
   448 330.933 
   455 282.8 
   466 234.667 
   470 186.533 
   474 138.4 
   461.267 90.2667 
   420.133 50.1333 
}
