n_points:  44
{
   415 108 
   380.762 116.238 
   346.524 131 
   312.286 155.714 
   278.048 185.952 
   250.81 220.19 
   232 254.429 
   215.333 288.667 
   200.095 322.905 
   188 357.143 
   180 391.381 
   170.381 425.619 
   159.143 459.857 
   150 494.095 
   143 528.333 
   139 562.571 
   133.19 596.81 
   128 631.048 
   123 665.286 
   117 699.524 
   102 733.762 
   92 768 
   126.125 738 
   160.25 711.75 
   194.375 690 
   228.5 688 
   262.625 693 
   296.75 695 
   330.875 704 
   365 731 
   373 687.867 
   382.267 644.733 
   411 601.6 
   448.533 558.467 
   484.667 515.333 
   494 472.2 
   501 429.067 
   509 385.933 
   512 342.8 
   514 299.667 
   511 256.533 
   507.4 213.4 
   487.267 170.267 
   458 127.133 
}
