n_points:  44
{
   370 101 
   326.762 106 
   283.524 126.476 
   240.286 161.714 
   197.048 201.952 
   167 244.19 
   149 287.429 
   138 330.667 
   128 373.905 
   117 417.143 
   112 460.381 
   109 503.619 
   106 546.857 
   100 590.095 
   96 633.333 
   92 676.571 
   84.1905 719.81 
   77 763.048 
   72 806.286 
   72 849.524 
   79 892.762 
   90 936 
   108 892.5 
   135 849 
   174.5 811 
   218 796 
   261.5 783 
   305 773 
   348.5 766 
   392 756 
   389 709.533 
   382.067 663.067 
   382 616.6 
   396.867 570.133 
   412 523.667 
   418 477.2 
   421.267 430.733 
   426 384.267 
   431 337.8 
   444 291.333 
   453 244.867 
   457 198.4 
   456.933 151.933 
   416.467 114 
}
