n_points:  44
{
   363 53 
   327.476 58.5238 
   291.952 74.0476 
   256.429 101.571 
   220.905 135.095 
   190.381 169.619 
   175 205.143 
   166 240.667 
   158 276.19 
   153 311.714 
   145 347.238 
   141 382.762 
   138 418.286 
   134 453.81 
   125 489.333 
   118 524.857 
   112 560.381 
   105.095 595.905 
   98 631.429 
   94 666.952 
   93 702.476 
   94 738 
   120 703 
   155 674 
   190 658 
   225 650 
   260 647 
   295 650 
   330 660 
   365 675 
   391 638.267 
   391 594.533 
   391 550.8 
   392 507.067 
   389 463.333 
   389 419.6 
   396 375.867 
   410 332.133 
   435 288.4 
   450 244.667 
   455 200.933 
   451 157.2 
   435 113.467 
   406.733 70.7333 
}
