n_points:  44
{
   400 83 
   363.571 90 
   327.143 105 
   290.714 129 
   254.286 159.714 
   223 196.143 
   207 232.571 
   194 269 
   183 305.429 
   176 341.857 
   171 378.286 
   169 414.714 
   165 451.143 
   162 487.571 
   158 524 
   152 560.429 
   144 596.857 
   135 633.286 
   130 669.714 
   124 706.143 
   120 742.571 
   123 779 
   134 738 
   148 697 
   183 658 
   224 636 
   265 630 
   306 637 
   347 651 
   388 666 
   396 624.467 
   401 582.933 
   412.6 541.4 
   429 499.867 
   430 458.333 
   426 416.8 
   433.733 375.267 
   448 333.733 
   455 292.2 
   461 250.667 
   468 209.133 
   473 167.6 
   470 126.067 
   441.533 90 
}
