n_points:  44
{
   392 72 
   346.667 85.3333 
   301.333 109.667 
   256 144 
   218 189.333 
   195 234.667 
   177 280 
   166 325.333 
   158 370.667 
   151 416 
   147 461.333 
   148.667 506.667 
   148 552 
   147 597.333 
   146 642.667 
   144 688 
   141 733.333 
   135 778.667 
   124 824 
   126 869.333 
   138 914.667 
   156 960 
   176.375 922.625 
   204.75 885.25 
   242.125 850.875 
   279.5 823 
   316.875 804.125 
   354.25 797.25 
   391.625 804 
   429 801 
   430 750.267 
   427 699.533 
   425.2 648.8 
   432 598.067 
   448.667 547.333 
   466 496.6 
   476 445.867 
   484.867 395.133 
   494 344.4 
   500 293.667 
   499 242.933 
   495 192.2 
   483.467 141.467 
   442.733 93 
}
