n_points:  44
{
   340 104 
   296.286 113 
   252.571 135 
   208.857 170.143 
   167 210.857 
   142.429 254.571 
   122 298.286 
   108 342 
   93.2857 385.714 
   87 429.429 
   88 473.143 
   91 516.857 
   89 560.571 
   88 604.286 
   91 648 
   88 691.714 
   87 735.429 
   85.8571 779.143 
   84 822.857 
   94 866.571 
   108.286 910.286 
   125 954 
   134.625 919.375 
   155.25 885.75 
   189.875 854.125 
   224.5 830 
   259.125 813 
   293.75 804 
   328.375 782.625 
   360 753 
   365.4 706.6 
   378.8 660.2 
   392.2 613.8 
   410 567.4 
   421 521 
   427.4 474.6 
   431 428.2 
   434 381.8 
   435 335.4 
   438 289 
   442 242.6 
   440 196.2 
   427.8 149.8 
   386.4 112 
}
