n_points:  44
{
   374 62 
   330.857 79 
   288.714 104.286 
   249.571 147.429 
   209 190.571 
   185 233.714 
   173.143 276.857 
   163 320 
   152 363.143 
   143 406.286 
   136.571 449.429 
   133 492.571 
   130 535.714 
   127 578.857 
   121 622 
   114 665.143 
   106 708.286 
   105 751.429 
   106.571 794.571 
   115 837.714 
   122 880.857 
   136 924 
   153 876 
   172 828 
   208 781 
   256 743 
   304 722 
   352 714 
   400 715 
   448 722 
   428 676.133 
   416 630.267 
   415.6 584.4 
   427 538.533 
   429 492.667 
   424 446.8 
   429 400.933 
   442 355.067 
   451 309.2 
   456 263.333 
   455 217.467 
   454 171.6 
   443 125.733 
   418.867 79.8667 
}
