n_points:  44
{
   388 85 
   343.905 99 
   299.81 122.19 
   255.714 152.286 
   219.619 196.381 
   201.524 240.476 
   187 284.571 
   177 328.667 
   165 372.762 
   155.143 416.857 
   149 460.952 
   145 505.048 
   138 549.143 
   129 593.238 
   120 637.333 
   117 681.429 
   113 725.524 
   108 769.619 
   104 813.714 
   107 857.81 
   122 901.905 
   136 946 
   149.75 905.25 
   177.5 865.5 
   218.25 836.75 
   259 817 
   299.75 803.25 
   340.5 789 
   381.25 775 
   422 756 
   399 707.667 
   391 659.333 
   391 611 
   404 562.667 
   427 514.333 
   453 466 
   466 417.667 
   471 369.333 
   479 321 
   485 272.667 
   489 224.333 
   489 176 
   474.667 127.667 
   436.333 89.3334 
}
