n_points:  44
{
   396 116 
   360.952 121.048 
   325.905 138 
   291.857 169.143 
   256.81 201.19 
   226.762 236.238 
   208.714 271.286 
   194.667 306.333 
   184 341.381 
   180 376.429 
   176.524 411.476 
   176 446.524 
   177 481.571 
   178 516.619 
   178 551.667 
   173 586.714 
   170 621.762 
   165.19 656.81 
   161 691.857 
   158 726.905 
   156 761.952 
   159 797 
   177 764.625 
   195.75 732.25 
   226.125 704.875 
   258.5 687 
   290.875 674.125 
   323.25 670 
   355.625 671 
   388 671 
   388 631.8 
   395 592.6 
   404.6 553.4 
   422.8 514.2 
   427 475 
   432 435.8 
   444 396.6 
   457 357.4 
   466 318.2 
   467 279 
   468 239.8 
   467 200.6 
   466 161.4 
   435.2 127.2 
}
