n_points:  44
{
   371 112 
   332.714 122 
   294.429 140.571 
   256.143 169.857 
   219.857 201.143 
   185 239.429 
   164.286 277.714 
   144 316 
   132.714 354.286 
   124.429 392.571 
   115 430.857 
   104.857 469.143 
   98 507.429 
   93 545.714 
   90 584 
   82 622.286 
   75.4286 660.571 
   69 698.857 
   63 737.143 
   62 775.429 
   57 813.714 
   57 852 
   89 802.125 
   121.75 752.25 
   168.625 706.375 
   218.5 686.5 
   268.375 678 
   318.25 677 
   368.125 678 
   418 687 
   406 645.867 
   393.733 604.733 
   400.4 563.6 
   425.533 522.467 
   433 481.333 
   433 440.2 
   435 399.067 
   438 357.933 
   445 316.8 
   451 275.667 
   456.467 234.533 
   457 193.4 
   447 152.267 
   412.133 118.133 
}
