n_points:  44
{
   387 108 
   351.952 111 
   316.905 123.095 
   281.857 142.143 
   248.81 177.19 
   217.762 212.238 
   201 247.286 
   182.667 282.333 
   169 317.381 
   164 352.429 
   160 387.476 
   156 422.524 
   151 457.571 
   142 492.619 
   129 527.667 
   116 562.714 
   102.238 597.762 
   92 632.81 
   85 667.857 
   72 702.905 
   67 737.952 
   73 773 
   114.375 730.625 
   158.75 695.25 
   202.125 657.875 
   246.5 637 
   290.875 624 
   335.25 618 
   379.625 621 
   424 620 
   416 583.333 
   409 546.667 
   411 510 
   425.667 473.333 
   449.333 436.667 
   461 400 
   464 363.333 
   469 326.667 
   474 290 
   481 253.333 
   484 216.667 
   479 180 
   460.333 144.333 
   423.667 115.667 
}
