n_points:  44
{
   353 68 
   316.095 72 
   279.19 85.8095 
   242.286 114.714 
   210.381 151.619 
   177.476 187.524 
   163.571 224.429 
   155 261.333 
   150 298.238 
   145 335.143 
   140 372.048 
   134 408.952 
   130 445.857 
   128 482.762 
   125 519.667 
   123 556.571 
   120 593.476 
   116 630.381 
   111 667.286 
   105 704.19 
   102 741.095 
   112 778 
   142.625 760.375 
   173.25 743.75 
   203.875 732 
   234.5 727 
   265.125 725 
   295.75 726 
   326.375 727 
   357 729 
   357 683.067 
   359 637.133 
   366 591.2 
   376 545.267 
   394.667 499.333 
   408 453.4 
   413 407.467 
   416.467 361.533 
   422 315.6 
   438.333 269.667 
   443 223.733 
   443 177.8 
   437 131.867 
   398.933 90.9333 
}
