n_points:  44
{
   348 82 
   308.714 90 
   269.429 105.571 
   230.143 130 
   190.857 166.143 
   163 205.429 
   152 244.714 
   144 284 
   139 323.286 
   135 362.571 
   132 401.857 
   130 441.143 
   118.571 480.429 
   107 519.714 
   95 559 
   82.7143 598.286 
   69.4286 637.571 
   61 676.857 
   52 716.143 
   42 755.429 
   37 794.714 
   42 834 
   71 786 
   96 738 
   139 694 
   187 658 
   235 635 
   283 633 
   331 636 
   379 636 
   383 596.6 
   385 557.2 
   389 517.8 
   404 478.4 
   412 439 
   414 399.6 
   417 360.2 
   428 320.8 
   444 281.4 
   451 242 
   451 202.6 
   444.2 163.2 
   424.8 123.8 
   387.4 91.4 
}
